10049901
10087165
10090252
10218272
10218582
10223979
103297
10340828
10349720
10382655
10402435
10427026
10427736
10427758
10463446
10465048
10504167
10548967
10548973
10551350
10563942
10571324
10574091
10606607
10610185
10612076
10618242
10653751
10669288
10682807
10691666
10698773
10722105
10725175
10727935
10736475
10755127
10789377
10797639
10830898
10831223
108598
10868338
10898632
10919517
10936658
10967966
11024453
11028955
11063311
11075379
11079708
11097027
11097866
11097889
11097907
11118600
11122525
11142290
11142297
11189381
11204142
11204779
11252487
11282649
11314248
11322698
11333029
11368650
11425709
11463399
1147614
11497467
115129
11545215
11552751
11554582
11572460
11600000
11693913
11706166
11716210
1172410
11759682
1176038
11766050
11778882
11804543
11808789
11811766
11843402
11848679
11849485
118963
11906564
11906565
11906566
11909596
11922088
11922097
11958538
12009191
12009972
1201509
12021796
12113662
12115405
12160451
12182339
12182479
12191443
12207223
12207229
12226445
12232389
12233854
12239417
12242248
12369641
12396118
12403433
12428447
12466881
12481996
12485744
12498592
12517099
12552835
12568754
12570998
12571037
12571050
12620870
12646045
12677406
12696688
12730397
12733629
12733808
12745236
12748698
12759731
12788701
1280037
12825351
12835054
12846313
12920799
12967211
1296926
12971599
1304123
1316345
1345443
13580236
1368809
14272785
14325105
1445770
1450745
14572235
14623380
14624338
14682237
14713194
14719810
1474033
14800420
14871590
1494573
14998138
15061662
15078512
15119352
1512040
1513366
1513377
15135586
15172484
15189282
15195472
15215605
15246244
15305606
15347747
15350690
15379859
1542136
15479037
15487323
15487329
15487913
15504434
1551872
1569340
15698688
15707330
15715869
15734565
1575501
15769180
15825417
15841363
15881740
15881829
15883726
15895741
15913312
15917612
15933008
15982702
15983741
16013400
16018316
16084070
1609553
16099312
16133168
16208461
16209563
16245865
16277436
16284857
16320035
16328785
16329605
16332616
16332795
16337299
16338584
16346748
16346759
16348437
16349736
16362327
16396343
1640632
16459143
16463092
16463093
16465502
16475221
16478214
16482391
16491304
16496571
16535159
1654806
1663722
16637710
16660976
16663059
16666643
16668223
16697997
1670319
1674815
16786539
16822572
16831538
16881725
16910930
16940656
16940657
16944283
16944289
16968109
16973205
17019004
17061539
17084933
17084934
17092711
17136504
17149640
17151856
17177063
17189759
17209817
17216329
17216359
17223558
17257253
17286166
17304613
17308181
17317159
1731773
17365707
17367685
17390233
17417870
17454111
1746952
17502134
17555277
17570080
17592893
17604863
17629787
17650201
17655194
17655403
17655998
1767605
1768117
17685333
17720828
17763996
17795288
17841051
17886179
17886181
17886185
17897746
17917911
17922303
17923996
17929891
17932782
17940801
17954583
17995741
1799587
18005347
1800633
18050947
18063528
18086237
1812020
18156343
18162193
1818104
18248674
18282703
18284488
1828684
18363655
18396819
18401753
18410256
18421864
18449222
18456117
18477320
18478391
18490979
18515478
18515482
18551551
1855864
18560892
18562766
18568761
18581303
18608502
18615618
18642924
18654632
18682297
18771915
18804303
18815903
18822409
18837105
18942994
18943041
18943070
18943134
18943176
18943177
18943349
18943537
18943592
18943650
18943706
18943823
18944027
18944174
18944208
18944219
18944233
18944384
18944554
18944620
18944622
18944733
18944734
18944783
18944828
18944835
18944907
18944949
18945011
18945015
18945049
18945080
18945108
18945137
18945165
18945474
18949476
18983654
18989654
1900253
19004246
19017115
19021791
19025560
1903510
19040756
19055442
19069939
19073023
19079537
19093507
19097662
19132874
19160071
19176265
1917812
19204924
19205472
19205484
19208239
19239497
19239978
19247799
19277312
19277742
19288458
19294099
19323756
19325757
19330077
19343960
19349167
1936240
19382792
19411623
19416466
19435229
1952926
19540758
19564155
19590984
19594311
19620357
19620370
19631741
19653520
19663984
19674186
19680912
19680913
19680927
19682768
19693687
19732987
19780949
19821581
19825415
19860451
19886262
19906152
19913692
19932925
19943894
19958560
19967373
20015936
20032108
20055649
20078777
20082366
20084997
20087478
20129776
20138951
20149642
20158153
20161897
20162090
20172840
20201553
20202335
20221846
20221935
20234965
2027835
20348253
20417655
20443026
20447271
20491926
20495873
20507492
20507532
20537273
20572965
20573009
20594307
20622179
20626099
20634516
20656863
20678926
2068872
2071690
2076050
20822431
20837087
20869132
20882448
20882459
20946609
21036601
21063980
21080163
2112690
21156574
21182199
21186324
21186773
2119316
21215953
21216896
21237221
21240822
21243443
21259141
21315311
21326838
21327556
21337235
21341988
21350670
21354643
21356445
21365915
21394878
21394887
2140254
21405994
21419507
21444120
21447012
21450929
21473767
21547917
21603274
21603916
21638110
21657030
21669082
21689881
21695912
21701048
21711088
21748078
21781781
21796391
21829344
21919002
2196365
21977326
22016606
22023397
22036074
22042431
22061817
22069592
22069731
22069734
22069737
22069738
22069739
22069748
22078738
22079545
22104120
22137249
22192836
22237170
22240058
22245060
22247572
22285533
22286038
22295176
22312242
22312261
22347598
22393930
22396914
22417509
22444743
22445145
22445200
22450796
22462452
22483048
22503148
22534354
22543505
22546841
22560024
22573612
22606305
22613889
22634155
22640941
22644643
22658309
22665186
22665194
22679583
22726297
22779745
22802186
22805837
22844262
22850379
2285324
22870999
22903692
22940308
22967225
22974424
22990908
23063186
23078349
23100575
23100777
2310181
23108352
23110430
231921
23202303
23202322
23219667
23279114
23302046
23340386
23355286
23422844
23436551
23437822
23456729
23473991
23477193
23484637
23539499
23562694
23580136
23604733
23604749
23604774
23604946
23604994
23605018
23605676
23605729
23605973
23606049
23622347
23636695
23692767
23716483
23726204
23760827
23798149
23832658
23834374
23836108
23836384
23859902
23865451
23878981
23883157
23883359
23890100
23894339
23899775
23955377
23957423
23961061
23961096
23981381
24007484
24031262
24031288
24031308
24031805
24031854
24031984
24049479
24078988
24128348
24139621
24140805
24155120
24169663
24175970
24193054
24199782
24201194
24201669
24224872
24263850
24290652
24294228
24313896
24321603
2433813
24385353
24403175
24421026
24421106
24450186
24480188
24498984
24504634
24550905
24555165
24575088
24578700
24584515
24652062
24664515
24688499
24698210
24734028
24746717
24750813
24770700
24770871
24771614
24779740
24779930
24787318
24816267
24853288
24885661
24894549
24901960
24926289
24929683
24960201
24963742
24964161
25007785
25014681
25049913
25071800
25080382
25082220
25084656
25084665
25087207
25101060
25101068
25101075
25103759
25108761
2511171
25132833
25160909
25174589
2518661
25198847
25199344
25200773
25251325
25296281
25351041
25363630
25367793
25376651
25388601
25415468
25427716
25462926
25469958
25478591
25479398
25482807
25494882
25501147
25506304
25525683
25542205
25551193
25557002
25571918
25610925
25614570
25632796
25647244
25714370
25724693
25727347
25732000
25748979
25754368
25760523
25764179
25804815
25805314
25813508
25867321
25895735
25901899
25904523
25968255
26024441
26029184
26071308
26090091
26090679
26115278
26116672
26207871
26211314
2621568
26225823
26251922
26273755
26274974
26282562
26296598
26300294
26305953
26319683
26334534
26344029
2635128
26356116
26361481
26366414
26366857
26377131
26434567
26469739
26487566
26500631
26503309
26512692
26513252
26518170
26535974
26555731
26581949
26601597
26621078
26633370
26659597
26683309
26690530
26691467
26724553
26730792
26734552
26742074
26742658
26744130
26805883
26812586
26837219
26849237
26852
26873561
2693964
26977262
26985943
27003507
27011317
27021663
2703428
27043586
27045749
27092224
27092993
27130226
27141756
27184972
27213959
27226224
27264786
27274766
27285317
27294620
27298593
2730149
27342138
27348506
27363903
27373067
27392176
27407296
27418920
27425865
27447094
27455926
27484668
27487807
27521623
27543032
27551284
27567632
27567716
27598199
2759983
27620734
27625637
27643387
27686770
27708638
27713756
27721900
27726497
27746189
27757101
27761863
27777618
27801823
27816987
27822692
27823840
27825736
27830829
27842453
27843995
27855875
27862526
27880983
27913168
27917194
27924535
27924540
27928553
27936873
27939550
27965011
27965656
28002616
28013132
28027025
28057927
28066369
28105575
28109854
28117705
28238910
28250658
28271854
28275097
28298692
28301710
28303127
28324400
28330127
28330185
28341024
28349747
28352538
28378232
28398859
28400781
28420231
28428796
28433057
28433743
28447887
28463723
28476985
28496135
28496167
28525761
28535078
28567631
28582664
28587297
2860069
28620
28644879
28650980
28654652
28659622
28659648
28679171
28698485
28701823
28705396
28710860
28715485
28716292
28737735
28762637
28785910
28818040
28852423
28861045
28861443
28898851
28902962
28912429
28915412
28917109
28946207
28950907
28951786
28959245
28959351
28966606
29017237
29018313
29027887
29029703
29089952
29132306
29150754
29151994
29172518
29216556
29230372
29242781
29244880
29247055
29260396
29270183
29271897
29304008
29321632
29338637
29344086
29354358
29384448
29385107
29392555
29430363
29434580
29452399
29453120
29467403
29471820
29482166
29483684
29511847
29535326
29541880
29545468
29551018
29551194
29559666
29562335
29573223
29576068
29579912
29582253
29616053
29628816
29628818
29652439
29659522
29674152
29681022
29684766
29687318
29692558
29695134
29696338
29709685
29710561
29718180
29735944
29740423
29749305
2975166
2975167
2976513
29868518
29869954
29885496
29902112
29913332
29924927
29954142
29965543
29966003
29969379
29980558
29990635
30006782
30027796
30031484
30042297
30042569
30042772
30065825
30099586
30100267
30117108
30123815
30125158
30125631
3014197
30145458
30179289
30205560
30217025
30222054
30226395
30251048
30263394
30283498
30305015
30314351
30325975
30326830
30328778
30336787
30356723
30358165
30415529
30421964
30430379
30459178
30472397
30497411
30504088
30529922
30589863
30591342
30609527
30609646
30609918
30631307
30634556
30638440
30646608
30658017
30659907
30669691
30673407
30673473
30677367
30682293
30688610
30691218
30694115
30696366
30699541
30699660
30699668
30699669
30699936
30703964
30705119
30708668
30708751
30708822
30708824
30708840
30708873
30708875
30716816
30717146
30722434
30722509
30727237
30729404
30731757
30731881
30731892
30732113
30743412
30743416
30743600
30743637
30743652
30744561
30754234
30754358
30754394
30754492
30754581
30759515
30764419
30769413
30769459
30769478
30770964
30778360
30780480
30780539
30780738
30780753
30780771
30780908
30781249
30781673
30786394
30786594
3079463
30795199
30795388
30795434
30795473
30803127
30812464
30812753
30812818
30813526
30818501
30818507
30818527
30818599
30818603
30818620
30818639
30823072
30823145
30823279
30823322
30823642
30826540
30829334
30831920
30831937
30832126
30832149
30835068
30838524
30841140
30841153
30841318
30849791
30849829
30856774
30856837
30856857
30856860
30856869
30856917
30856927
30856945
30856986
30861716
30861742
30861837
30861913
30861920
3086727
30870945
30870986
30906971
30911817
30912858
30934406
30934468
30934573
30936852
30938332
30959662
30959724
30972847
30978846
30978900
30991525
30991541
30991649
31007391
31023637
31027823
31049858
31050163
31051605
31070989
31078988
31093478
31113092
3111368
3111373
31114603
31121501
31121642
31121659
31121665
31121666
31121685
31121715
31123790
31126421
31137286
31137430
31156586
31160140
31161589
31176953
31178889
31181254
31193093
31195636
31198963
31236770
31243100
31244797
3126540
31266239
3127814
3128166
31293550
31336571
31349594
31363938
31399833
31404960
31417528
31429310
31440772
31446271
31447469
31447810
3145639
31470555
31473036
31476582
31523498
31524538
31546929
31547439
31555251
31561495
31586402
31601618
31608890
31652362
31656892
31665025
31683794
31698851
31721404
31726994
31732798
31741037
31761207
31786257
31787944
31790640
31803149
31810316
31817520
31821969
31824438
31824451
31832035
31849861
31867561
31869648
31891755
31906161
31921070
31935922
31936000
31955757
31968531
31973866
31975411
31980972
31982820
31998379
32010096
32036539
32038521
32038584
32040377
32053973
32061906
32062978
32069974
32098185
32105801
32117093
32117099
32120912
32135419
32150883
32166442
32168374
32180947
32181116
32181120
32181551
32192023
32194520
32206967
32208805
32217373
32231080
32231673
32233960
32239408
32251430
32265851
32290138
32295155
32304674
32336366
32340099
32358011
32376361
32380381
32384254
32391028
32393173
32396052
32411110
32423188
32435233
32441590
32450031
32451891
32468093
32485256
32510466
32515690
32529481
32564371
32579378
32582038
32590206
32594356
32625180
32625894
32637345
32640350
3265987
32664286
32687013
32733529
3275305
32760360
32762502
32798794
32840051
32874185
32882838
32884715
32930255
32943568
32954985
32978948
33011891
33035255
33048595
33050473
33059038
33064593
33066377
33066620
33079019
33101334
33105838
33133533
33134588
33134742
33144821
33153018
33153030
33169502
33173115
33174732
33175235
33200265
33209068
33210967
33230192
33232888
33237335
33237955
33239238
33291729
33292403
33292496
33301189
33319980
33321397
33326164
33332161
33336897
33350123
33387832
33388939
33401438
33429287
33459401
33469548
33498925
33499067
33518049
33518202
33519779
33524555
33531583
33536660
33556709
33568838
33572852
33575937
33613068
33619954
33620235
33641256
33653343
33656353
33714140
33746194
33749313
33754847
33755307
33802572
33803825
33823938
33825760
33851514
33873992
33874555
33881919
33890197
33897675
33915453
33916873
33920591
33924246
33926015
33961848
33971238
33985439
34045597
34056251
34061727
34071223
34075632
34079526
34086115
34128190
34133491
34142851
34147038
34179272
34190589
34199413
34203016
34204980
34205845
34263355
34276741
34279986
34282952
34293917
34296859
34358262
34413838
34416965
34423251
34433293
34433897
34436174
34437423
34442296
34456933
34468040
34472972
34500671
34502209
34504267
34533972
34550439
34564642
34564657
34571774
34594817
34620440
34630568
34641299
34649029
34659275
34678972
34678980
34678992
34682254
34683382
34691105
34705486
34726587
34731740
34754045
34759893
34771293
34783043
34822579
34829193
34834621
34849826
34867000
34899785
34913138
34920704
34929274
34930561
34933624
34939131
34941685
34952410
34957444
34962587
34974282
34989594
35012099
35013794
35026980
35032688
35039210
35051001
35059817
35084943
35085558
35090029
35107329
35108090
35124380
35139463
35144216
35151710
35183341
35201749
35237242
35251075
35288866
35324693
35324697
35330123
35330295
35347677
35362815
35369506
35373143
35386571
35391739
35394332
35427130
35491755
35502929
35531970
35548722
35599287
35606553
35615505
35622551
35622554
35625369
35628681
35628689
35628738
35641197
35647548
35705749
35711767
35742879
35765440
35779097
35789985
3579271
3579278
35807501
35815936
35836387
35878175
35878182
35878194
35878916
35889418
35903220
35906218
35917314
35918852
35936058
35937985
35939227
35946597
3594731
35963592
35978987
35980488
35992682
36006206
36008052
36057241
36088482
36122196
36135615
36136561
36139266
36141036
36142806
3614336
36145747
36160218
36160996
36175855
36224162
36239302
36251001
36255299
36279642
36287969
36292816
36294618
36294669
36301851
36309443
36312918
36313824
36335156
36352742
36354943
36355988
36356005
36358528
36382650
36385222
36386647
36403246
36422032
36422721
36422962
36448527
36456930
36478847
36548754
36548780
36548784
36551004
36555647
36557638
36564751
36566178
36592124
36606026
36606150
36607515
36643402
36668827
36675939
36677769
36690236
36693088
36741894
36756236
36770986
36778694
3680124
36827728
36836323
36836392
36840307
36853195
36895574
36899128
36903970
36908562
36915090
36947915
36964896
36977075
36977088
36977118
36981146
36991437
37003454
37043017
37065127
37065162
37066671
37080609
37097808
37120196
37139834
37143012
37143103
37147458
37179620
37180265
37182633
37182944
37194429
37195176
37214674
37219742
37222581
37229129
37235022
37251900
3727349
37275168
37279914
37283041
37283372
37289093
3729406
37294212
37297353
37298706
37309374
37333643
37356677
37366361
37370333
37375052
37424564
37431272
37447077
37462395
37485521
37495305
37512828
37512909
37513783
37532191
37534296
3754708
37563651
37580714
37601908
37621548
37624232
37630356
37630439
37639983
37642883
37645014
37662167
37669181
37672835
37682930
37706093
37712562
37738420
37744097
37744260
37746228
37752474
37755043
37756003
37762436
37773328
37797576
37810381
37816924
37828934
37831329
37833470
37834181
37835998
37866423
37886813
37890830
37893757
37900958
37910790
37918192
37939741
37980424
37981378
37999498
38003004
38003787
38005754
38012865
38016406
38028598
38029119
38058159
38058244
38073331
38079374
38111882
38125568
38129048
38129052
38132769
38133171
38133182
38136716
38137906
38159444
38160253
38169048
38179648
38221671
38231446
38238629
38248949
38281155
38287580
38297010
38303075
38317383
38332494
38338769
38347363
38362446
38369147
38372111
38384765
38397503
38404898
38431336
38457888
38468716
38476100
38477222
38498000
38590889
38611746
38634243
38646860
38647762
38651488
38653122
38685218
38693487
38717940
38721401
38727560
38727957
38769290
38775588
38809353
38811200
38832593
38845151
38851702
38853331
38866928
38877665
38902881
38921363
38932483
38945594
38961514
38970906
38972980
38982671
38987328
38998482
39002016
39023351
39038893
39047996
39048185
39057925
39057958
39057964
39060380
39080174
39109053
39113738
39122129
39138250
39148617
39152091
39170729
39187556
39195739
39195747
39195777
39240081
39263443
39267987
39273171
39303498
39304086
39305013
39310303
39314052
39327022
39330848
39342963
39380308
39383451
39384279
39391609
39444062
39452310
39454764
39456363
39458840
39464521
39480774
39482126
39514589
39538303
3954349
39551977
39589990
39590704
39591251
39599436
39612313
3961620
39623288
39630797
39653487
39653488
39653492
39663809
39669136
39675601
39683149
39728797
39740734
39752449
39760082
39769407
39769597
39780060
39797707
39808409
39821570
39831105
39832848
39852460
39852961
39864682
39869940
39883710
39885877
39938262
39959468
39962426
39964459
39980755
40013788
40042983
40044735
40074091
40077727
40091519
40096925
40099181
40105956
40106373
40121264
40131635
40146753
40150963
40163623
40170427
40178507
40180083
40203822
40219178
40220648
40222761
40223244
40227319
40235920
40237644
40243911
40263827
40264584
40270813
40278396
40278653
40288713
40299900
40323976
40332655
40348113
40367226
40372162
40372379
40381226
40387325
40407872
40408368
40410728
40419733
40425114
40428553
40431048
40435521
40452057
40458266
4047127
4048060
40481405
40487222
40498377
40500725
40510667
40521218
40528336
40538877
40558928
40558953
40558955
40561662
40573862
40577872
40577915
40583966
40584380
40584845
40627362
40637742
40640457
40640727
40645382
40653554
40663134
40683501
40683720
4069189
40711142
40711908
40732057
40733355
40751076
40762168
40792185
40826203
40833882
40864090
40864095
40866506
40872272
40879834
40882185
40893600
40901082
40915672
40918383
40924940
40937024
40938094
40941910
40955042
40974689
40994436
40996539
41003175
41003229
41003498
41007989
41029028
41045853
41046078
41057792
41082101
41108109
41108348
41111890
41122219
41127618
41153043
41168428
41171474
41173950
41180411
41191433
41196682
41203280
41205462
41226565
41227910
41245106
41254353
41261206
41267256
41269451
41295846
41304254
41318388
41326114
41326617
41326967
41358340
41375353
41376526
41405762
41441944
41457041
41459221
41461406
41472812
41484403
41485092
41532387
41538911
41550489
41567746
41572039
41581231
41591169
41591195
41591204
41596808
41597539
41603181
41614021
41629011
41632704
41641163
41645295
41652786
41668477
41683555
41697375
41724885
41762753
41765391
41772313
41776434
41780129
41807998
41808726
41828709
41829155
41837846
41840329
41843931
41845214
41846268
41888249
41923829
41950064
41962714
41966000
4196711
41986705
41996207
41998213
42002355
42010148
42015649
42024572
42039819
42067984
4207503
4208639
42091964
42091974
42097984
42112299
42113864
42119176
42155265
42158399
42159806
4216287
42177457
42209771
42236557
42264263
42271034
42289625
42297191
42304700
42313457
42328086
42329969
42332554
42346523
42346527
42347508
42375976
42382237
42387909
42425690
42431112
42436254
42445786
42446574
42449539
42450171
42456485
42462429
42481122
42504510
42506293
42506704
42514037
42535977
42572801
42581906
42584420
42600753
453829
4561104
4640734
467065
4751800
48730
4935360
5004665
5059619
5062092
5063203
5103481
5143594
530298
5315879
5377755
5422308
5472343
5540669
566071
573085
5954701
5970824
6035055
605028
6059534
6212039
6217625
6225951
6299664
6336359
6418365
6424567
6435523
6508297
6538924
6643358
66474
6696425
6698928
6727980
6738673
6742830
6783373
6784674
6792813
6792985
6795852
6796369
6803756
6811546
6816020
6883218
6891742
7125654
7189738
7196200
7217855
7224625
7267545
7276113
7344284
7419131
7487043
7494146
7547827
7576524
7592084
7601778
7617016
7618858
7618859
7631492
7664946
7664948
7709594
7749578
7766125
7794168
7935733
7935737
7972490
7984219
7986058
8000427
8032688
803285
8047504
8074536
8110599
811165
8128752
8138479
8138481
819918
821144
8282284
8294288
8294289
8302366
8303955
8336283
8355635
8394307
8413501
8417982
8475024
8537546
8542550
8564371
8669904
8718747
8735774
8778733
8790677
8795215
8795229
8829534
8850603
8850619
8871125
8883477
8883805
8887947
8890481
889326
8918240
8939030
9055416
9065771
9068045
9091828
9105926
9140512
9263062
9356308
9369200
9435038
9439006
945039
9454095
9487359
9496376
952442
9534871
9586200
9671028
9673683
9680700
9687479
9708260
9708286
9708299
9709236
9728689
9829191
9924941
9925624
99461
