20030144
20032108
20032963
20035317
20044792
20044937
20047255
20055651
20059925
20060396
20060504
20061242
20064064
20070505
20078771
20078777
20082366
20084366
20084997
20090313
20096573
20102853
20103580
20105215
20111022
20112876
20121195
20121446
20122142
20127262
20127546
20128864
20132029
20134254
20135200
20138901
20138951
20141946
20143029
20144628
20149618
20153837
20153931
20155410
20161717
20161721
20165959
20171598
20172231
20176981
20191874
20192833
20192834
20192838
20198523
20199574
20213172
20217383
20217430
20231548
20233605
20236819
20238264
20297845
20299070
20301489
20301734
20303327
20307326
20309820
20335404
20339844
20348253
20349083
20349375
20350266
20355075
20355093
20355094
20360107
20371858
20382808
20383603
20386661
20388133
20388570
20389249
20393933
20400480
20401458
20404514
20408568
20413168
20417655
20420756
20424937
20437231
20438575
20443026
20447271
20451161
20453901
20456530
20462000
20462619
20465408
20467244
20470410
20471804
20472693
20480228
20482227
20484835
20487224
20491926
20493960
20494171
20504892
20507562
20509914
20518077
20519632
20521951
20525935
20528182
20529319
20537273
20539785
20543053
20544424
20545856
20552260
20552360
20553698
20554055
20558598
20561248
20578956
20594307
20599430
20615118
20617456
20618705
20618843
20623472
20624459
20624677
20626099
20626280
20634515
20638415
20649417
20650351
20650545
20655441
20656863
20659300
20662157
20663467
20663468
20663612
20663961
20666227
20666739
20671108
20673282
20677459
20680875
20683632
20687802
20693443
20705318
20709978
20713469
20721632
20721947
20722875
20725129
20726240
20728989
20734050
20740660
20798218
20798930
20821196
20822431
20835813
20836054
20837087
20839946
20851757
20854112
20855008
20858362
20865151
20869132
20872012
20880288
20880737
20882980
20885997
20887797
20919854
20924416
20925195
20936474
20939889
20946609
20955083
20955963
20963471
20977658
21037181
21039559
21041479
21049018
21051345
21051942
21051956
21059295
21059954
21063980
21067942
21070245
21073900
21073977
21090752
21094763
21104104
21104138
21106526
21107782
21115078
21115612
21116630
21118348
21120031
21138346
21138728
21143427
21143845
21144868
21147925
21148393
21148693
21166637
21167833
21173259
21174197
21182199
21192820
21193830
21198682
21199018
21203917
21205619
21207117
21209969
21215953
21216896
21217757
21218474
21219670
21226663
21232133
21234422
21238734
21240822
21245192
21246198
21249353
21250546
21253891
21255474
21259142
21259285
21265893
21277035
21278198
21281114
21293861
21296182
21296957
21298357
21303448
21306385
21310601
21315311
21316873
21324881
21326271
21326834
21327556
21331949
21334701
21337205
21338467
21338815
21339865
21341988
21342092
21342516
21347229
21347839
21347849
21352944
21354643
21356003
21363983
21368904
21394878
21394887
21398564
21402917
21405994
21408003
21410707
21415419
21420236
21424438
21427134
21429276
21435244
21438988
21444317
21447012
21447054
21447765
21448812
21452473
21453431
21463208
21464600
21473767
21477487
21478441
21482771
21483597
21484338
21489939
21490302
21492953
21502323
21503672
21503761
21504300
21504770
21507177
21508073
21510220
21510777
21513192
21519742
21519743
21519935
21520708
21526121
21526397
21529147
21533105
21534473
21535353
21537835
21543205
21547810
21547917
21547919
21553045
21554185
21554519
21559994
21560464
21562241
21586598
21590426
21591986
21593216
21594748
21598654
21601644
21603916
21604058
21614709
21624827
21625538
21626092
21631947
21635192
21635576
21638110
21643704
21648070
21651339
21653753
21653782
21657030
21664128
21665007
21667271
21667399
21669082
21671092
21673982
21674041
21674164
21689881
21690302
21692877
21695237
21703356
21708230
21711088
21713570
21715477
21719539
21722080
21723360
21724228
21726365
21729109
21729207
21733067
21733309
21738671
21738787
21747214
21750120
21751381
21764976
21778051
21779530
21779874
21787874
21787933
21789281
21791961
21792388
21792633
21795426
21796391
21800086
21803892
21803913
21809091
21819535
21821764
21822435
21823898
21829344
21833715
21840352
21840805
21843999
21844675
21849529
21851098
21854354
21860690
21861352
21865874
21867437
21872468
21876379
21876527
21876685
21878373
21878653
21880343
21892244
21898149
21898269
21905421
21908271
21909277
21918381
21919002
21931807
21935454
21935781
21939961
21940597
21941752
21942342
21943753
21949066
21952371
21953179
21955602
21959304
21963393
21975003
21976020
21984235
21984243
21992580
21994008
21997760
22005253
22005431
22006070
22006107
22013911
22016430
22016606
22019467
22023397
22027862
22036074
22042431
22043282
22044756
22048640
22050783
22054194
22064679
22069566
22069592
22069617
22069731
22069734
22069737
22069739
22069750
22073272
22073967
22077160
22079545
22080011
22080021
22086563
22090762
22093544
22094487
22095526
22096595
22098338
22098555
22098923
22100233
22102159
22111898
22117026
22119268
22120123
22122328
22123655
22126532
22131875
22132219
22133041
22136133
22137249
22144172
22146805
22150547
22154329
22157756
22159841
22161153
22161226
22166191
22167416
22168258
22172013
22175435
22181972
22185729
22192212
22196072
22198864
22207581
22209038
22217518
22221235
22227863
22231294
22237170
22247264
22247271
22247572
22256675
22258461
22261574
22267876
22268687
22277628
22279089
22286038
22287004
22290462
22294476
22298027
22299338
22300722
22306079
22307223
22308783
22312242
22312261
22314137
22322344
22322958
22325886
22330588
22332054
22332840
22333113
22347557
22348228
22351008
22355451
22356129
22357211
22359379
22363714
22364310
22365676
22366513
22367528
22367716
22369516
22370182
22370343
22370879
22370941
22372472
22373940
22378327
22383877
22386467
22390066
22393030
22393930
22396914
22406456
22407231
22409349
22416226
22416659
22417509
22423324
22435592
22439851
22440184
22440342
22441424
22445200
22446524
22447103
22451352
22452657
22453747
22454455
22456950
22459071
22459852
22462452
22466786
22468361
22473978
22475938
22481309
22483046
22483048
22487310
22489824
22490448
22491986
22492207
22494249
22494580
22494906
22495987
22497710
22499865
22511929
22512872
22516249
22523204
22524198
22528328
22528757
22531933
22534289
22534354
22535755
22537792
22538468
22543634
22544639
22545111
22545360
22545925
22546449
22546841
22550695
22558158
22559045
22559172
22560024
22562145
22564701
22569521
22572683
22573154
22573612
22574106
22578291
22581408
22582294
22583366
22587948
22588802
22589719
22591226
22593504
22609669
22612918
22612964
22612969
22615040
22623492
22629377
22645534
22649560
22649920
22652150
22654400
22670753
22671523
22672065
22672506
22679583
22680932
22688241
22693618
22693685
22700504
22701720
22702185
22707484
22713079
22713715
22716908
22717263
22717315
22720735
22723250
22725695
22726297
22733544
22739369
22739544
22742524
22744702
22749836
22750884
22771451
22773631
22776115
22779103
22782708
22783135
22783265
22791236
22791342
22791923
22792079
22795319
22796024
22808205
22810380
22811047
22812531
22812930
22813963
22816734
22820327
22821375
22823439
22829604
22829778
22834048
22835072
22837678
22842102
22843519
22845490
22850379
22851152
22851177
22855209
22858467
22859651
22862820
22869072
22883414
22885066
22885748
22885923
22890173
22891790
22892578
22898475
22903192
22903692
22909308
22910513
22916933
22921263
22923336
22928329
22929118
22936985
22938431
22947126
22947912
22949138
22952372
22961069
22963713
22965474
22965804
22969929
22972132
22972785
22974422
22977281
22981745
22983498
22983744
22984557
22986680
22987405
22989774
22990858
22990908
22991207
22991331
22991966
22992987
22994421
23002166
23007971
23010102
23010865
23013451
23014495
23017907
23029710
23043634
23044763
23046207
23055260
23056174
23056182
23063186
23069603
23073005
23078349
23086202
23089274
23100590
23103471
23109348
23110430
23116303
23116592
23116711
23117720
23124960
23124976
23127910
23131141
23135603
23136506
23146312
23147378
23148253
23148303
23166686
23167929
23169888
23170170
23177047
23196693
23201523
23205252
23207689
23208600
23211661
23216628
23217110
23219667
23219928
23228065
23228595
23233392
23235470
23236229
23239858
23240403
23242144
23246929
23247686
23256999
23258470
23261970
23261998
23265545
23275250
23278833
23279114
23279152
23280323
23286927
23290469
23292333
23293466
23293486
23298440
23302046
23302050
23302495
23305952
23315733
23320425
23320867
23323072
23333091
23334009
23334038
23334049
23334658
23348685
23354455
23360460
23360493
23361014
23363545
23365335
23365644
23374219
23378378
23384859
23386292
23386294
23387091
23390127
23390596
23390890
23403191
23405155
23406352
23409006
23409143
23416225
23421735
23422844
23430324
23431975
23432128
23436551
23437822
23439009
23439375
23441440
23443059
23445404
23445568
23448010
23452277
23452801
23455565
23455708
23456729
23457472
23459172
23463372
23463564
23467773
23472032
23473071
23474695
23475947
23477193
23482247
23482571
23482906
23486339
23489570
23492982
23493538
23493539
23493540
23493541
23497051
23497564
23497607
23498010
23504057
23506976
23510279
23510286
23512704
23514769
23529297
23529653
23533452
23533634
23535334
23537661
23539499
23543751
23554975
23555835
23557935
23558350
23562694
23566168
23567733
23571649
23576752
23576797
23580136
23587708
23592636
23593318
23593365
23594708
23602901
23606049
23609307
23609414
23609775
23619521
23624473
23624683
23627662
23630060
23630255
23630531
23631213
23631705
23636408
23636494
23637860
23638801
23639025
23650872
23652819
23656551
23659345
23659638
23662985
23664693
23672780
23679984
23681585
23686704
23692767
23693022
23702306
23706072
23718541
23733054
23734448
23739309
23740525
23742171
23745603
23749557
23750911
23751979
23757145
23758152
23760819
23760827
23761295
23765983
23769352
23769373
23770298
23771234
23776561
23782589
23784900
23786488
23786766
23787284
23787812
23789893
23793849
23794096
23794475
23795972
23798139
23798396
23800295
23802808
23803568
23810597
23811284
23811695
23815791
23819298
23819916
23826182
23827442
23832658
23833520
23833568
23834287
23834374
23834656
23836384
23841683
23844101
23849125
23855275
23859902
23861559
23865451
23866980
23872500
23874526
23874669
23875012
23876501
23878971
23878977
23878981
23880179
23883359
23887091
23888278
23889550
23890100
23892515
23893984
23894339
23894637
23896654
23898035
23899775
23900800
23901339
23902264
23913428
23915226
23917637
23924506
23925042
23932330
23932846
23935370
23941916
23945004
23950149
23951332
23952812
23954326
23955173
23955377
23959872
23961061
23961096
23961361
23962048
23962203
23973481
23973538
23976771
23977723
23980626
23980699
23985144
23985336
23989647
23993617
23995918
24001842
24003702
24003973
24004829
24009606
24014225
24020268
24020306
24021056
24028804
24031565
24031929
24031933
24031984
24033459
24034435
24036261
24037269
24038702
24039821
24040087
24043428
24044495
24048647
24050969
24051102
24053854
24058362
24064149
24065642
24065788
24066293
24067480
24075146
24078988
24079304
24082674
24091682
24091898
24095996
24096421
24102552
24105817
24111920
24112093
24118323
24119815
24127750
24128348
24130823
24131521
24132392
24134222
24134718
24138032
24138544
24139621
24142357
24142926
24144612
24145399
24152750
24155120
24155672
24159288
24161731
24163396
24164316
24166441
24169453
24179126
24192013
24193054
24195276
24198348
24199782
24200952
24201194
24210087
24211484
24211735
24216069
24218890
24219792
24222067
24223020
24229467
24232832
24237606
24237664
24244413
24246379
24255743
24260239
24261846
24263850
24265851
24268164
24269825
24276539
24278186
24279321
24280385
24282965
24283539
24287593
24291188
24294230
24298463
24299846
24304605
24311830
24311894
24313896
24313911
24313948
24314645
24314897
24316882
24318539
24321603
24322445
24329174
24331606
24334444
24341390
24348157
24349944
24351979
24352967
24363426
24366371
24373051
24376437
24389666
24391003
24391653
24403175
24405760
24409174
24409191
24412480
24420865
24423514
24425978
24426015
24430201
24430494
24440253
24444334
24450186
24450462
24450747
24450773
24456598
24466298
24469105
24470637
24473076
24476639
24486361
24489881
24494232
24496192
24498652
24498984
24500307
24502317
24504460
24504633
24507579
24512386
24524215
24524621
24530378
24532065
24532444
24535390
24547668
24549746
24550905
24558989
24561994
24563376
24563828
24578700
24578881
24584515
24587959
24588973
24590456
24597222
24603887
24604474
24607861
24609945
24612197
24612636
24613853
24613993
24616181
24616724
24627046
24627966
24640243
24641848
24643458
24650559
24652062
24652702
24657198
24658301
24660473
24663192
24664563
24668677
24674132
24685529
24687706
24689748
24694905
24698742
24704224
24706969
24725385
24727098
24734028
24739804
24742071
24742835
24744326
24746717
24748016
24754911
24760204
24762221
24764002
24766236
24768942
24769018
24770700
24770871
24771614
24772527
24773580
24779930
24779941
24782933
24788721
24789787
24791584
24792348
24796552
24798051
24805846
24810161
24813304
24816267
24816278
24819114
24829493
24829562
24844544
24847713
24849374
24853288
24854294
24863456
24865494
24875423
24878647
24885661
24887029
24890097
24894549
24895307
24898708
24901960
24904982
24905218
24906010
24911101
24913652
24914724
24918609
24919172
24926289
24932208
24934067
24945254
24949261
24952769
24954157
24960014
24964826
24965139
24965692
24970858
24971799
24971887
24973942
24980290
24983861
24985013
24992561
24998970
25005991
25009144
25009146
25011010
25012129
25014591
25015663
25015891
25017112
25017159
25026920
25031167
25033416
25036665
25046861
25049486
25049671
25049692
25049913
25053283
25055377
25056288
25057268
25059708
25063310
25068884
25071805
25075608
25078365
25079171
25080135
25080382
25082220
25082770
25084284
25084665
25087207
25089350
25092354
25092885
25093387
25093500
25096046
25098725
25099546
25100845
25101068
25102332
25103759
25106530
25107970
25112833
25118653
25121641
25122482
25128189
25132833
25143342
25144230
25144677
25147702
25148198
25149004
25149463
25149894
25150671
25155950
25160820
25160909
25162614
25164205
25166274
25166276
25167365
25169096
25170050
25173470
25174589
25175039
25177315
25177328
25178631
25181619
25185754
25190357
25191565
25191608
25192693
25195749
25197088
25198847
25199344
25200773
25201150
25201841
25207979
25208341
25210866
25217721
25218494
25218748
25222864
25224489
25226432
25227492
25236424
25240234
25240692
25247264
25247930
25248991
25250036
25251081
25251325
25252928
25254604
25255035
25257038
25261982
25264707
25270043
25271262
25271765
25275381
25276064
25276206
25279308
25281481
25283249
25295862
25296072
25296115
25302996
25305651
25309584
25310013
25315450
25316036
25320439
25322753
25326150
25326304
25328334
25328721
25334062
25338173
25342974
25344899
25346968
25348423
25351041
25355936
25358171
25358366
25358544
25359909
25364932
25372119
25376340
25379484
25383746
25386259
25388601
25392089
25392907
25394507
25406165
25410107
25411209
25420026
25421370
25422061
25424694
25426132
25427716
25431972
25432082
25433900
25434111
25437277
25437615
25444498
25449830
25460997
25462926
25465633
25468693
25469958
25471302
25472441
25478962
25482807
25482948
25483202
25484552
25487714
25488425
25490712
25492658
25492990
25494594
25494882
25497682
25497916
25498636
25501147
25502691
25506304
25512225
25515553
25527658
25527750
25528838
25529421
25531751
25533006
25535233
25538102
25540019
25541407
25542205
25543542
25545721
25547028
25550300
25551554
25551674
25553481
25563025
25566199
25567944
25568363
25577467
25585914
25587524
25591782
25597948
25599419
25600135
25602226
25605529
25606813
25608961
25609827
25610925
25613346
25617583
25619974
25620960
25627647
25627898
25628012
25628626
25633210
25633750
25633915
25635014
25635112
25647576
25648511
25649030
25651052
25654132
25666418
25666974
25674805
25678342
25679450
25681119
25686315
25687125
25690417
25690718
25693649
25717420
25719542
25719882
25724693
25727347
25730034
25733457
25740151
25740951
25743727
25748979
25749323
25749366
25751416
25752994
25754368
25755484
25758258
25760523
25761471
25763026
25764179
25766793
25766830
25767755
25771226
25776569
25781606
25782617
25785488
25786804
25788582
25791579
25791856
25804815
25805314
25808544
25813508
25813514
25818483
25822163
25822185
25822773
25825413
25826335
25827202
25840430
25846059
25849537
25857664
25858248
25861439
25862669
25865166
25867321
25870423
25873997
25875119
25876077
25885025
25886405
25888330
25888589
25893788
25896790
25900291
25904523
25904601
25904982
25906821
25910587
25911484
25916176
25916484
25919623
25923055
25926011
25928459
25935063
25941530
25943518
25944300
25944808
25956774
25956939
25966035
25968255
25969790
25972749
25973007
25976243
25985679
25986544
25993642
25994032
26002971
26004733
26005435
26005677
26005897
26017568
26020328
26020329
26022088
26024441
26029184
26030887
26034129
26035591
26039083
26047896
26051492
26051524
26053048
26054776
26060429
26070690
26071527
26077836
26078104
26080484
26081280
26081946
26084084
26089837
26090302
26090679
26090801
26091682
26102120
26109257
26115994
26116672
26118724
26121638
26124097
26131017
26133365
26138708
26139410
26142428
26146230
26149652
26151057
26152570
26159537
26166773
26167414
26168137
26178027
26188035
26190559
26192450
26196220
26197562
26198227
26200922
26207871
26209554
26211314
26217348
26221093
26222535
26225455
26225823
26226139
26231374
26239408
26242460
26250424
26251666
26251922
26255557
26255598
26256317
26257042
26258714
26264548
26267706
26269546
26273755
26276081
26277311
26284907
26287000
26289207
26294947
26296598
26298766
26302169
26303612
26305953
26306592
26315306
26316335
26316341
26317403
26319683
26329669
26331624
26332042
26332833
26336850
26337675
26339290
26342338
26343711
26345903
26346121
26350069
26350254
26353811
26357869
26361468
26361474
26361481
26365384
26366857
26370049
26371304
26373452
26373661
26373963
26376619
26377131
26378573
26378580
26379694
26381538
26385591
26386416
26390990
26392892
26398628
26400335
26402063
26411455
26419546
26419898
26423221
26429086
26435020
26437663
26437843
26440096
26440344
26440347
26441470
26442016
26449927
26452496
26456883
26457425
26463200
26467495
26467716
26467989
26470291
26471326
26474970
26474992
26477387
26481645
26487437
26487451
26487566
26488483
26491121
26492237
26492388
26494665
26496890
26500631
26500660
26500763
26505404
26511912
26512692
26513252
26513657
26513911
26519879
26519888
26521250
26524271
26525659
26528303
26529245
26537218
26537753
26538414
26544205
26545547
26549415
26553059
26554735
26555155
26555731
26555787
26558278
26559960
26572377
26574039
26576029
26578676
26580433
26580738
26581684
26583044
26584457
26585339
26585859
26586275
26587972
26589682
26589827
26590326
26595113
26597455
26599211
26601597
26602546
26604498
26609518
26611401
26614687
26615739
26616926
26619206
26621612
26625857
26626615
26626656
26633370
26633502
26635820
26641062
26643764
26646359
26649073
26656003
26658494
26659597
26661994
26669723
26672472
26676544
26677512
26686121
26687452
26688964
26689370
26690530
26691165
26691467
26693688
26697001
26697423
26699719
26706318
26706357
26709294
26709615
26711050
26712478
26717324
26726754
26728653
26729541
26730275
26734552
26735046
26742074
26742658
26743864
26748080
26749364
26754668
26756827
26759362
26762720
26767524
26772737
26782522
26792976
26794753
26802172
26805883
26805970
26808352
26808652
26811357
26812336
26812586
26820774
26823627
26835382
26837893
26840453
26841824
26848026
26848538
26849237
26855414
26856717
26865671
26865712
26867493
26867615
26873323
26873561
26874615
26883223
26883814
26884803
26886743
26894874
26900781
26901800
26902829
26902960
26903312
26904295
26905544
26905748
26908893
26911016
26924333
26926485
26926794
26927172
26935135
26938806
26941730
26943821
26947318
26948687
26950180
26950770
26953943
26955715
26956617
26958090
26966024
26969433
26971113
26974960
26976897
26979328
26980627
26985943
26988857
26988863
26990437
26994288
26994601
26997344
27001643
27003507
27004591
27011111
27011317
27012001
27012191
27016929
27019432
27021663
27023594
27027300
27037126
27038945
27038946
27039271
27040368
27042260
27043586
27045749
27050573
27050890
27052719
27055093
27058118
27060978
27063059
27065206
27066355
27067195
27068799
27069901
27071505
27071971
27076461
27080003
27081173
27083795
27083837
27084041
27084098
27088391
27090812
27092224
27093436
27095142
27098988
27102357
27109825
27111722
27118074
27124615
27128990
27130226
27132849
27133588
27134467
27136161
27141756
27144995
27145581
27146139
27147530
27148211
27148248
27155867
27155921
27158946
27165128
27165533
27169149
27170034
27172709
27173049
27174756
27176597
27184972
27187340
27189994
27191168
27198923
27199211
27203805
27208083
27208251
27208311
27213824
27213959
27215339
27216714
27219351
27226224
27236321
27242072
27242144
27246737
27247772
27255046
27255566
27256481
27258373
27263010
27264786
27268435
27272696
27274886
27275251
27276858
27279632
27281302
27285317
27291673
27294620
27298593
27300167
27301130
27302247
27305954
27307257
27312380
27316946
27317326
27317777
27321368
27328875
27331100
27332891
27338476
27340858
27342138
27348506
27352627
27357093
27359114
27363531
27363903
27364491
27366645
27372278
27373067
27374222
27379062
27381262
27386236
27387604
27389871
27392176
27392177
27393999
27403608
27407296
27410032
27412002
27415007
27417742
27418186
27418359
27421723
27424399
27425865
27442535
27444329
27447094
27449852
27452116
27452898
27455926
27456846
27457759
27457794
27464828
27465037
27470332
27474520
27481239
27482692
27484946
27487807
27491813
27493226
27498027
27498952
27504540
27522218
27522409
27523634
27524979
27524985
27525041
27525914
27528626
27534569
27538875
27541831
27543032
27544523
27551284
27555853
27563844
27564650
27564861
27565489
27565499
27566551
27567716
27570303
27577788
27578229
27588040
27594859
27610110
27611673
27617006
27617025
27618101
27618962
27620734
27621289
27622307
27624083
27625637
27631532
27631730
27632283
27638775
27641709
27643917
27653888
27658593
27663609
27664455
27664745
27665557
27666942
27669453
27670817
27671341
27676382
27677368
27682121
27684544
27686515
27696288
27696649
27696934
27697930
27697931
27704315
27708638
27715009
27716043
27716665
27716942
27718577
27719958
27721690
27721698
27721900
27725815
27728988
27729923
27734576
27742723
27743400
27746189
27746327
27756215
27757101
27757121
27760223
27768909
27774805
27775575
27777570
27787491
27800167
27801823
27802884
27805413
27805541
27809780
27813205
27815694
27815917
27816987
27816989
27817188
27821056
27822546
27822692
27824613
27825736
27827899
27830829
27838855
27843995
27845755
27853952
27855875
27862526
27867390
27869509
27871222
27872930
27873628
27877090
27877187
27877188
27878091
27880983
27885582
27888035
27888127
27888605
27891208
27892935
27894590
27898919
27898920
27899288
27899920
27900468
27916835
27917154
27917194
27924535
27924540
27924543
27928553
27929415
27933075
27933337
27933645
27936873
27937175
27939550
27941940
27955705
27957392
27958725
27965011
27965656
27968998
27974597
27987919
27990032
28002615
28002616
28008315
28009050
28011128
28012919
28018844
28027025
28035973
28039601
28040774
28041727
28051195
28052586
28055130
28057927
28059116
28066369
28068011
28068214
28069632
28070314
28073340
28076276
28076417
28078603
28082962
28088418
28089076
28090425
28095770
28098812
28098948
28100816
28102738
28103409
28104329
28104475
28105575
28109190
28109854
28111438
28116766
28119474
28119675
28124138
28125013
28127308
28131045
28135406
28139751
28160062
28160664
28163300
28174773
28177375
28177408
28177843
28183289
28186422
28188093
28192163
28197207
28197688
28207303
28207851
28213318
28215318
28215888
28216424
28218783
28221840
28221941
28222742
28223998
28224059
28228158
28231125
28237997
28241006
28244108
28245611
28250658
28254471
28255554
28257461
28261161
28263864
28265700
28265970
28271854
28273139
28273598
28275097
28284245
28284556
28285895
28289802
28291386
28296205
28296885
28299528
28300780
28301710
28303127
28315605
28320254
28322500
28324314
28324562
28327667
28330119
28330127
28333981
28339473
28339985
28340990
28341024
28341909
28345051
28347724
28349257
28357273
28358031
28358622
28358924
28362553
28362815
28363041
28364803
28365721
28367142
28374121
28383143
28384184
28387973
28391471
28393907
28394396
28400775
28400781
28400854
28402786
28402788
28405774
28407445
28408666
28411402
28417909
28419329
28421861
28428796
28429924
28433743
28435841
28443088
28445389
28447535
28447887
28454714
28455556
28460986
28462040
28464849
28467007
28467184
28480357
28482898
28484513
28487059
28487066
28487720
28488589
28494021
28494165
28496135
28496167
28503566
28506517
28507007
28511881
28514971
28515020
28515712
28525761
28528174
28530166
28535078
28535127
28539970
28542542
28548655
28551188
28552877
28554814
28555132
28555262
28559543
28561789
28572317
28572799
28572928
28574696
28584528
28587297
28593336
28594274
28595925
28596570
28599665
28599879
28600796
28602399
28606354
28608841
28611813
28618303
28619584
28619635
28620404
28623231
28623821
28627019
28627067
28632197
28637341
28639414
28643225
28643882
28644879
28645467
28646668
28647119
28650789
28652866
28653579
28654215
28654652
28659622
28661431
28664698
28665718
28671247
28677164
28677478
28679171
28680077
28680479
28680876
28681005
28682158
28684792
28686341
28687345
28692118
28696065
28697180
28697585
28699727
28699873
28703042
28703963
28704438
28705396
28708031
28711253
28711820
28715485
28722229
28724072
28724262
28726978
28728373
28731210
28733288
28737668
28737735
28738851
28740263
28742069
28755469
28761150
28763483
28768296
28769896
28771262
28771640
28773150
28774334
28775828
28781607
28783776
28785036
28791444
28792056
28794554
28797931
28800552
28800850
28802018
28802244
28802245
28805891
28814396
28814759
28818040
28822953
28823069
28824686
28827919
28830055
28830924
28831526
28831961
28846441
28851884
28854878
28856906
28858216
28860554
28861443
28864424
28864653
28864656
28869327
28871485
28874693
28878256
28883152
28883813
28883827
28884077
28884929
28887450
28890136
28890723
28891118
28891462
28899857
28900274
28900437
28902962
28904417
28910343
28913804
28914754
28915412
28916568
28918152
28918153
28919405
28922744
28922803
28924453
28930274
28930276
28931070
28931629
28935724
28935871
28938763
28939979
28944587
28950827
28951786
28952420
28952422
28956174
28957455
28959245
28959351
28961446
28962399
28962484
28965030
28966606
28967180
28969654
28969694
28970065
28971723
28971734
28974821
28974947
28984568
28986904
28986908
28987406
28992507
28993735
29018313
29018432
29021224
29023057
29023390
29026390
29029703
29029754
29031400
29031422
29033919
29036305
29039002
29042629
29044186
29046722
29050532
29051616
29051980
29052058
29053348
29053809
29054058
29056111
29063352
29071542
29075283
29078812
29079075
29083487
29083823
29086441
29089941
29089952
29095532
29096730
29099102
29099780
29101364
29102418
29117141
29117218
29118995
29123540
29125621
29126413
29128798
29131682
29132306
29135920
29142143
29142166
29142587
29143925
29146258
29146930
29147865
29150754
29151354
29151994
29152074
29153069
29154441
29157901
29164518
29168567
29172518
29174030
29174897
29186806
29186821
29186962
29190780
29191128
29191195
29196290
29197267
29199126
29199365
29202693
29205274
29209514
29211564
29213312
29216556
29228505
29230372
29234337
29235175
29238283
29240945
29241123
29241384
29242781
29244710
29247055
29248461
29255260
29256011
29258380
29259121
29260396
29262147
29264925
29267401
29268112
29270181
29270183
29270219
29277170
29286873
29287150
29287320
29289834
29290426
29291861
29292148
29293391
29293715
29305937
29312900
29314018
29315703
29316727
29321632
29321763
29321950
29326663
29330177
29338637
29344086
29352173
29353750
29354144
29359698
29361044
29371439
29371560
29374592
29378006
29378819
29380257
29382740
29382771
29384448
29385107
29385571
29385600
29390140
29393913
29395147
29406113
29408694
29408919
29409959
29421354
29423754
29425239
29426290
29427161
29427334
29430363
29430366
29430375
29431900
29434580
29438484
29441054
29443907
29444692
29445366
29445454
29447287
29449414
29450759
29452399
29453120
29454698
29459320
29459698
29461798
29467403
29468409
29470401
29470429
29471465
29471820
29472130
29475898
29478784
29479358
29479780
29480976
29482868
29483684
29490195
29494310
29495531
29505629
29507816
29508870
29514881
29521600
29523080
29523941
29526201
29527451
29532103
29532981
29534423
29534480
29536147
29541079
29541880
29545468
29547690
29548860
29551018
29551214
29552336
29559666
29561196
29562335
29570233
29573223
29573804
29574077
29576068
29579912
29580529
29582253
29584935
29587887
29589041
29601632
29603803
29606230
29606461
29610099
29614584
29615288
29616053
29621291
29621393
29622088
29623190
29623688
29624105
29625552
29628816
29628818
29629373
29634315
29634778
29642671
29644962
29650043
29652439
29657283
29658843
29659963
29660236
29662471
29666347
29666542
29669517
29674152
29680064
29681893
29684023
29684542
29684766
29685276
29687318
29691120
29694008
29695134
29696338
29700118
29703884
29709685
29710561
29717181
29718180
29723054
29724266
29727143
29727789
29730323
29733156
29735944
29738207
29740423
29745456
29747496
29749766
29752192
29754097
29755576
29756783
29762882
29767029
29767044
29767123
29769268
29770236
29773962
29774508
29775248
29780153
29780370
29782021
29786674
29789802
29792361
29794167
29794984
29795003
29795999
29796087
29796593
29797333
29799863
29800531
29802598
29803440
29843921
29844193
29844502
29846653
29847637
29848290
29848622
29850931
29858747
29863999
29868518
29869954
29870049
29872464
29873243
29876800
29879153
29879836
29880199
29880705
29884357
29885496
29891381
29891382
29894629
29896185
29897130
29899302
29902112
29902912
29908038
29908496
29913332
29914131
29916208
29921329
29924927
29927356
29928233
29931737
29933978
29934785
29935832
29937481
29939269
29939658
29942287
29946460
29947970
29948671
29949938
29953466
29954142
29954890
29955682
29959248
29963033
29965009
29969295
29970178
29970946
29976086
29980558
29983951
29986139
29989845
29989846
29995241
29997698
30002994
30006369
30006836
30010698
30013066
30016495
30023631
30027796
30029017
30029703
30031472
30031481
30033012
30039463
30042297
30042772
30043259
30046198
30048706
30053283
30053626
30055880
30056212
30058369
30059641
30060077
30061716
30063754
30065743
30071023
30080628
30083226
30084165
30090365
30096837
30099994
30100659
30102041
30103473
30107890
30108170
30108434
30108550
30117108
30123815
30124360
30124970
30125158
30126597
30127853
30131777
30136754
30140186
30140262
30142700
30143202
30148105
30153661
30154815
30158026
30159366
30165117
30167491
30178602
30179289
30180320
30182239
30184412
30187155
30191251
30195252
30195548
30196834
30201997
30202441
30205560
30208063
30208842
30209616
30210099
30212575
30213105
30216819
30217014
30217025
30218957
30220440
30222054
30226395
30226422
30229012
30229965
30238483
30239212
30240197
30248134
30248848
30249286
30249287
30253116
30259981
30260210
30263632
30265954
30266409
30268793
30273849
30274067
30275700
30278071
30278118
30278887
30281024
30281407
30286537
30286987
30287733
30289553
30291123
30292912
30294313
30301145
30303770
30305015
30311487
30314351
30315424
30317155
30320136
30322101
30324152
30325975
30328778
30332488
30333810
30335811
30336787
30338121
30340279
30341078
30342623
30350245
30355529
30356061
30356416
30356723
30358165
30359203
30359379
30362241
30364243
30367001
30372522
30375663
30377624
30379318
30379400
30381617
30381904
30386430
30389525
30393118
30395337
30395461
30398944
30401653
30405543
30408104
30408576
30410018
30412457
30415529
30421964
30423494
30425707
30430379
30444162
30444911
30448497
30451412
30451427
30451431
30455765
30457434
30458614
30459178
30463612
30466136
30468238
30472397
30474697
30477136
30477197
30477214
30481135
30484071
30485366
30485573
30487784
30496569
30497033
30497411
30498979
30500692
30506400
30509175
30510169
30510723
30514874
30517219
30519451
30522417
30526582
30528015
30529474
30529922
30533012
30533922
30535120
30555436
30562344
30562952
30564753
30567831
30568535
30569380
30571782
30574132
30577086
30577430
30577574
30579775
30580036
30581419
30590161
30592861
30592872
30593452
30603875
30607701
30609646
30610076
30610633
30610949
30612700
30616522
30619170
30619220
30619225
30619866
30627124
30628299
30630166
30632398
30633970
30634556
30638659
30639720
30644572
30646608
30647439
30647676
30649912
30651637
30655629
30658506
30659907
30660423
30663769
30665630
30668615
30669691
30673401
30673437
30673473
30673522
30673529
30673533
30673560
30677318
30677338
30677348
30677363
30677366
30677367
30677369
30677964
30678160
30678561
30678589
30682293
30682309
30682312
30682922
30682988
30683004
30684027
30685816
30687345
30687749
30687795
30688593
30688610
30688618
30688623
30688625
30689003
30690989
30691218
30691895
30693009
30694115
30694121
30694127
30696365
30696366
30698360
30699512
30699541
30699554
30699573
30699660
30699668
30699669
30699779
30699811
30699936
30703652
30703876
30703902
30703919
30703924
30703964
30703969
30704009
30704011
30705833
30706436
30708214
30708409
30708437
30708448
30708491
30708497
30708515
30708653
30708663
30708668
30708689
30708708
30708716
30708724
30708751
30708807
30708822
30708824
30708834
30708862
30708873
30708875
30708896
30708907
30708915
30708922
30708928
30708932
30710682
30715344
30716816
30716842
30716942
30717146
30717228
30718852
30721817
30722130
30722215
30722410
30722413
30722434
30722437
30722503
30722509
30722617
30722633
30722636
30727064
30727087
30727088
30727093
30727118
30727174
30727176
30727237
30727295
30727297
30727337
30727350
30727363
30727366
30727378
30727466
30727475
30727493
30727558
30728817
30729404
30731726
30731750
30731757
30731761
30731869
30731881
30731892
30731898
30731902
30731955
30731957
30732021
30732048
30732058
30732067
30732075
30732113
30732197
30732661
30737459
30737514
30743328
30743364
30743393
30743416
30743471
30743499
30743513
30743600
30743637
30743652
30743687
30743724
30743725
30743944
30743976
30744561
30754210
30754223
30754234
30754265
30754394
30754400
30754406
30754431
30754492
30754517
30761113
30762074
30766617
30766768
30767848
30770964
30772635
30775179
30776484
30777418
30779307
30779753
30779970
30781503
30781829
30785905
30788871
30790167
30790190
30796337
30797353
30797780
30798914
30799846
30800357
30803133
30803509
30804639
30806574
30806607
30807207
30808291
30808905
30813302
30813526
30813951
30816250
30823422
30823642
30824565
30826540
30828488
30829334
30833940
30834185
30834601
30837342
30837747
30838524
30839013
30841490
30843054
30849084
30851274
30851644
30853061
30856075
30857619
30858484
30859780
30860735
30861417
30867067
30868248
30870986
30871886
30873787
30883698
30884292
30884907
30886605
30888165
30891114
30891366
30895316
30896313
30898355
30900744
30901528
30901591
30902042
30906971
30907006
30909622
30911026
30912294
30913300
30913456
30916464
30916945
30919070
30919443
30920733
30924310
30928269
30929780
30933667
30934573
30936854
30936861
30944882
30945988
30952348
30952847
30952942
30953838
30954341
30957532
30966526
30968272
30969462
30970450
30971198
30972033
30972847
30974722
30975184
30977147
30980078
30983332
30985950
30987689
30990862
30998787
31003497
31007391
31009363
31010999
31011004
31013593
31019492
31023637
31024506
31025179
31027103
31027823
31029090
31029607
31030066
31031739
31033259
31033399
31038201
31039395
31039831
31040152
31050163
31052523
31054268
31055071
31057592
31064381
31069075
31070989
31071544
31074596
31093900
31096659
31097498
31100818
31102972
31107148
31107641
31107642
31108269
31109299
31112045
31114603
31115636
31117300
31119077
31121501
31125379
31126421
31137699
31142681
31150898
31151273
31151528
31155247
31156568
31156586
31157960
31158322
31161589
31163032
31163094
31163106
31163203
31164906
31166965
31170423
31172201
31172667
31174084
31176475
31178889
31181798
31183417
31183494
31184028
31184702
31191476
31193093
31194475
31195636
31196888
31197229
31198963
31199461
31203119
31204142
31212596
31212811
31213868
31215852
31215853
31216294
31216952
31217219
31222653
31223096
31230450
31235479
31244777
31244797
31245738
31247636
31250991
31271913
31275269
31280147
31288419
31290921
31292685
31293441
31293550
31295263
31300480
31301830
31303589
31307401
31308451
31312934
31314912
31315223
31316475
31316490
31320086
31321686
31322081
31323038
31325856
31330054
31330431
31332013
31332531
31334241
31336571
31337276
31338125
31341223
31341565
31341848
31344953
31348716
31349113
31349594
31350998
31354652
31357428
31357684
31359220
31362781
31362973
31363938
31365242
31366179
31366236
31369363
31370242
31370350
31373816
31374923
31376017
31378837
31379780
31379790
31387231
31388983
31390325
31397626
31404960
31415990
31417534
31418200
31420659
31426823
31429310
31430301
31433514
31440218
31440772
31446271
31453173
31456046
31456759
31461909
31464158
31475703
31478568
31479207
31479403
31479830
31481197
31481821
31485676
31487111
31487394
31489936
31510977
31511633
31514343
31515497
31517423
31520508
31521398
31522084
31523498
31524189
31525320
31531314
31539588
31547439
31547710
31550526
31552451
31554122
31555251
31557268
31559664
31568535
31575043
31576447
31577435
31583504
31585498
31586870
31590339
31599055
31599105
31602728
31608890
31611655
31611862
31613191
31614702
31615044
31615416
31615681
31618137
31620107
31620375
31621584
31621967
31628520
31629082
31629285
31631807
31632833
31636616
31636886
31639127
31652362
31652440
31652989
31653954
31654112
31655482
31656892
31657460
31657672
31660799
31666613
31666614
31671523
31675145
31678703
31681375
31683212
31683644
31683950
31689330
31689978
31690410
31690653
31696026
31697693
31697926
31698077
31698851
31699148
31704603
31712143
31716722
31717655
31719978
31720871
31721404
31725970
31725974
31726503
31730668
31731121
31737029
31744179
31744730
31746676
31748861
31752071
31752369
31752686
31752948
31753626
31754161
31760079
31760684
31762594
31762994
31766494
31768330
31768497
31771283
31775632
31776869
31781137
31781144
31781357
31784552
31785239
31786257
31787944
31789595
31795124
31798942
31802604
31803149
31803153
31803201
31809253
31810316
31810868
31812598
31813104
31817176
31817269
31821969
31823026
31824447
31824451
31824456
31825746
31832035
31833382
31836576
31836579
31837877
31840865
31841376
31841936
31844626
31846458
31846488
31846853
31848283
31848793
31849861
31850643
31850832
31852776
31852777
31852823
31855694
31861452
31862186
31863278
31863387
31865096
31867104
31867561
31867562
31868642
31869648
31877962
31880092
31881424
31881649
31881852
31882400
31882631
31883486
31884565
31887989
31888105
31888766
31891755
31891854
31894885
31898151
31900155
31901711
31906096
31906161
31912966
31921033
31921037
31921229
31922946
31924620
31927238
31927682
31930821
31930880
31931797
31932904
31935649
31935922
31936180
31939738
31950006
31954563
31955757
31956671
31956928
31958247
31960901
31961059
31961255
31964387
31968531
31973150
31973866
31975001
31975411
31978750
31979343
31980630
31988651
31991360
31996373
31996735
32002625
32003003
32006054
32007662
32009083
32009665
32009679
32014607
32016365
32017844
32024030
32024196
32026796
32027927
32028735
32028957
32030336
32030574
32033951
32036187
32036965
32038521
32038584
32040377
32041317
32041528
32047057
32053973
32059743
32062816
32065293
32066000
32066956
32069974
32070783
32070805
32077444
32078479
32084485
32086499
32087516
32093741
32097809
32098185
32103443
32103950
32105380
32105801
32106659
32109697
32112567
32117099
32119709
32120232
32121097
32121365
32123349
32127752
32132987
32135197
32135253
32135437
32138727
32140166
32147262
32152804
32153831
32153879
32155347
32155883
32156028
32156369
32156690
32157814
32158389
32159041
32161794
32163521
32166442
32168341
32168374
32168401
32170407
32172117
32174953
32176428
32179985
32181120
32181551
32183013
32183174
32183591
32185109
32185177
32192023
32192120
32193575
32193751
32194520
32196419
32199966
32205142
32206967
32208805
32211196
32211525
32212739
32214246
32214501
32214946
32218287
32220383
32221691
32224990
32231080
32231673
32231900
32233960
32237559
32242425
32244470
32244886
32245280
32245995
32248631
32251983
32255984
32256504
32258479
32260554
32264737
32265458
32265851
32267497
32270495
32271651
32272731
32275303
32276322
32277120
32284502
32286481
32288477
32290956
32293993
32295654
32299877
32305066
32305853
32320337
32320370
32320373
32320834
32325572
32330131
32331643
32334221
32334357
32335348
32336366
32338032
32340099
32346343
32347788
32349163
32349229
32350112
32350696
32351795
32353373
32357944
32358011
32362688
32365804
32370929
32372279
32377738
32380283
32384254
32387407
32388161
32388187
32391028
32391342
32393173
32393906
32396052
32396054
32398006
32403358
32403974
32405178
32408707
32411110
32411170
32416822
32417163
32420504
32422283
32422536
32423675
32424146
32424606
32425164
32429509
32431334
32438166
32439496
32441590
32443840
32449595
32450031
32451891
32452607
32455532
32457512
32457894
32459282
32460443
32460612
32463450
32468093
32470042
32473472
32473608
32474016
32477901
32479550
32480576
32480720
32485256
32486159
32487741
32490528
32493747
32498307
32506237
32510466
32510844
32515690
32517011
32521050
32523400
32526936
32527563
32528188
32528442
32531477
32531735
32531939
32535116
32536908
32537719
32541975
32544245
32545891
32551109
32552395
32555651
32556837
32561961
32562272
32563865
32564371
32565683
32567049
32571803
32572536
32575465
32575776
32582038
32582236
32582444
32583286
32585504
32590206
32593837
32596274
32599660
32599715
32608648
32612135
32612628
32615837
32623461
32624926
32625407
32625460
32625731
32625989
32626140
32627363
32628727
32629954
32630289
32630440
32630490
32633916
32635586
32636811
32636825
32637499
32644459
32648900
32650393
32653750
32656248
32663481
32668767
32670235
32671045
32678465
32679240
32687013
32687162
32689897
32689899
32689920
32690250
32690890
32691441
32693088
32695127
32695176
32698102
32700906
32703172
32704020
32704671
32704792
32704805
32708226
32710967
32715406
32716264
32717792
32719889
32719911
32725951
32728512
32731157
32731333
32731441
32731617
32732154
32733017
32733529
32734030
32736691
32737480
32737868
32738375
32738438
32739658
32739674
32741105
32749828
32750474
32750640
32751300
32751380
32751690
32751772
32752013
32756117
32756472
32756961
32757630
32758001
32759024
32759365
32762502
32765563
32766530
32777887
32780782
32783848
32784763
32784820
32786566
32791187
32795757
32795866
32803452
32803493
32803529
32806549
32807871
32809405
32811196
32814582
32814863
32816916
32816917
32817901
32830554
32830593
32831575
32832330
32840565
32842659
32844528
32846707
32847851
32849419
32849668
32851432
32852792
32854403
32857848
32858175
32859882
32860398
32864300
32865199
32866836
32870108
32872156
32872277
32872584
32877788
32882650
32882838
32884715
32893877
32894363
32897821
32899467
32899999
32903855
32907632
32910268
32910749
32915118
32916151
32918072
32920016
32930660
32936902
32941421
32943568
32944073
32945884
32946025
32946440
32947784
32948275
32954985
32958561
32958858
32963420
32968101
32971130
32971439
32973838
32978948
32983029
32987758
32989155
32989486
32995900
32996254
33000693
33003516
33005643
33006995
33007821
33008469
33012069
33013749
33015134
33016408
33016493
33016610
33019521
33021720
33021750
33025710
33029629
33029865
33031998
33035255
33036258
33036471
33036497
33037769
33038831
33040472
33042172
33044140
33047278
33048595
33049639
33053399
33057351
33058030
33062055
33062263
33062645
33063914
33064593
33066377
33066620
33072148
33075073
33075544
33077029
33077493
33079019
33079126
33081084
33087995
33089345
33091193
33091456
33092137
33092405
33093508
33094269
33096510
33098066
33100147
33105838
33106639
33107288
33107667
33109065
33113865
33113961
33114466
33118875
33122052
33123176
33124309
33124311
33124400
33124497
33127812
33128623
33128663
33130239
33133223
33133533
33134615
33134873
33135850
33136469
33138019
33138242
33138749
33141648
33142506
33143644
33144953
33145810
33145864
33147529
33151829
33153018
33153030
33153761
33160664
33163853
33166080
33166203
33167357
33169502
33171623
33173115
33174158
33180661
33182262
33182689
33182700
33183382
33184360
33190611
33191104
33193477
33195620
33197383
33199618
33203623
33215702
33218994
33219851
33223289
33223962
33224163
33227324
33227680
33230192
33231747
33232888
33236213
33237955
33240244
33242262
33243160
33245129
33247447
33254627
33260716
33260883
33261203
33263755
33269285
33272293
33274228
33278430
33279035
33280412
33289406
33291518
33291635
33292403
33292465
33292496
33292663
33297424
33302368
33306167
33307495
33310708
33310710
33314151
33315533
33316727
33318768
33319847
33319980
33321350
33321397
33324378
33325770
33326164
33328516
33331046
33331107
33336897
33336961
33339287
33340942
33351136
33352763
33356900
33356903
33361635
33361641
33363199
33364459
33369186
33371534
33371610
33374894
33381355
33383715
33383948
33383981
33384333
33388939
33390640
33391309
33391321
33392674
33392742
33399202
33400019
33400564
33401438
33401643
33404273
33406859
33406860
33412684
33412719
33417477
33420158
33420172
33421236
33424906
33429287
33429906
33430760
33431904
33435409
33435483
33435518
33438341
33440766
33441750
33443212
33443798
33444124
33450094
33452372
33453944
33455755
33458828
33462364
33466739
33467103
33467172
33469548
33474519
33480429
33481876
33488531
33493747
33497529
33498925
33499067
33501491
33501580
33501840
33502595
33504044
33505377
33505386
33506181
33507801
33508658
33510745
33514520
33515149
33516016
33518200
33518208
33519752
33519779
33524555
33525312
33525728
33530602
33530606
33531575
33531583
33533097
33536660
33537043
33540521
33540950
33542301
33543762
33545409
33546309
33546971
33547615
33554724
33555241
33556709
33557005
33559319
33560886
33566862
33568308
33570802
33570822
33571355
33572250
33572446
33572636
33573933
33576795
33579291
33583441
33584568
33584586
33584759
33584784
33588716
33594449
33597656
33599528
33600297
33604010
33605486
33610977
33613486
33613981
33616427
33616429
33616891
33618307
33619306
33620235
33620555
33622050
33625571
33627698
33627760
33629501
33632279
33633300
33634268
33641256
33641343
33641981
33643263
33643554
33646054
33648179
33648574
33653343
33653886
33666787
33668883
33669631
33670245
33670954
33671118
33671147
33671166
33671228
33672426
33673296
33674946
33675291
33679050
33681966
33682354
33683038
33683750
33689949
33690750
33693714
33693900
33706079
33710709
33712172
33717017
33717028
33720142
33721695
33726668
33732071
33732569
33736468
33740333
33744613
33745017
33746937
33749313
33750799
33755496
33756025
33759315
33763202
33765923
33769244
33769830
33771101
33773318
33774915
33776962
33783753
33786841
33787751
33788958
33799633
33802572
33803657
33803825
33806727
33807972
33809408
33811028
33814156
33815778
33817225
33819062
33822135
33823938
33825303
33825760
33825988
33834385
33837781
33837900
33839883
33839961
33841382
33842912
33843063
33843433
33850942
33851198
33853582
33854492
33860265
33860800
33864175
33868404
33870842
33881635
33884458
33886562
33886593
33889422
33890197
33891590
33897025
33897643
33901241
33905586
33906035
33906598
33908429
33911170
33911541
33911946
33915453
33916149
33916873
33917127
33917369
33917595
33919181
33919659
33920591
33921529
33921779
33922117
33923097
33925956
33926015
33930111
33934226
33936124
33940283
33941900
33945244
33946993
33949075
33949891
33958593
33958607
33959140
33959750
33960738
33961584
33961624
33962687
33964760
33968566
33969158
33969159
33970680
33974519
33975267
33987587
33988726
33991665
33992353
33993958
33994772
33994782
34009008
34013419
34021467
34028604
34031727
34034165
34034669
34040620
34042379
34046051
34046760
34049402
34055948
34056251
34061258
34065110
34068897
34072279
34079526
34079566
34079743
34082384
34083762
34085027
34090005
34091018
34093627
34095595
34099286
34099761
34102817
34103568
34110600
34111455
34113371
34116465
34118074
34120077
34122358
34123583
34125507
34126539
34128190
34129651
34132179
34132596
34133491
34136188
34137750
34142013
34142851
34142852
34143180
34143833
34144288
34147038
34149241
34151402
34153603
34156277
34158574
34165327
34165624
34166468
34168195
34168223
34168665
34169333
34173304
34179272
34179818
34182934
34189497
34189506
34190589
34191217
34193031
34194416
34197583
34198177
34199413
34200234
34200489
34201118
34201222
34201653
34203016
34203640
34204980
34205845
34207507
34209356
34209383
34210086
34211442
34214382
34214671
34217205
34220750
34222303
34226641
34229384
34231260
34232029
34232056
34234759
34234885
34242344
34247109
34250718
34253039
34253043
34253357
34253370
34261356
34263355
34265162
34265303
34267963
34270791
34271176
34276741
34278632
34279986
34282227
34282928
34282952
34285069
34285975
34292157
34293917
34296859
34304345
34305847
34309683
34311549
34315522
34319574
34324093
34325345
34325589
34328362
34329022
34329483
34330457
34332006
34332072
34334198
34335648
34336981
34339818
34344466
34348544
34351469
34351809
34356940
34357942
34357958
34360963
34364066
34366454
34366562
34367108
34367193
34375024
34375236
34387781
34388441
34389047
34390122
34390604
34394138
34395395
34395775
34403056
34413838
34416965
34419272
34422539
34423251
34430722
34433293
34434665
34436129
34436174
34436211
34437423
34437620
34438193
34440017
34440551
34441547
34442296
34443218
34443320
34443371
34449534
34451683
34453347
34454235
34455435
34456933
34457019
34458228
34458975
34464681
34464799
34467869
34468040
34472972
34481370
34481390
34483899
34484139
34484282
34485457
34487171
34488261
34489999
34490018
34490328
34491093
34491796
34498864
34504267
34504509
34505297
34512698
34519069
34519907
34520808
34521344
34529190
34530515
34532546
34533406
34533972
34534712
34537172
34539608
34541158
34547313
34547658
34550439
34553075
34553081
34553287
34554047
34557211
34564642
34564657
34571774
34573669
34573671
34575738
34575744
34575762
34575814
34576244
34576727
34576846
34578248
34579368
34579438
34581142
34581600
34582620
34583109
34588867
34589076
34589078
34589534
34590293
34590294
34590466
34592251
34595250
34595274
34597584
34603260
34603363
34605389
34606561
34606612
34610363
34610374
34613434
34615362
34619074
34619076
34620440
34621382
34625580
34627877
34628700
34629783
34630489
34630568
34631309
34631348
34634846
34635706
34636045
34637979
34644092
34645188
34646516
34648549
34651008
34655341
34655498
34659275
34672916
34678972
34678980
34678992
34679011
34679793
34680405
34680709
34681926
34682254
34682267
34683382
34685833
34686031
34686124
34687662
34688788
34689216
34689419
34691105
34696481
34703807
34704009
34708177
34709809
34718797
34721322
34721363
34721493
34722121
34722204
34725387
34726587
34734290
34735284
34738230
34738831
34739328
34740700
34741039
34741665
34742136
34745040
34745050
34745820
34747301
34747476
34748474
34749648
34752126
34753973
34754904
34755614
34756908
34759893
34760264
34762236
34763931
34765865
34766353
34769488
34771293
34776235
34778425
34783043
34786825
34789342
34791280
34794081
34795682
34800317
34811883
34817351
34818727
34819936
34821844
34822526
34822575
34822579
34827107
34828366
34828395
34828804
34829193
34829264
34829276
34829809
34833053
34833960
34834365
34834621
34834860
34835513
34836248
34837124
34837632
34841470
34841530
34849826
34849846
34851735
34856481
34858363
34861431
34867000
34867414
34868109
34868253
34870353
34871984
34878633
34884560
34893926
34896537
34899781
34899785
34900308
34900380
34905096
34905199
34912586
34915385
34915847
34918773
34919676
34919922
34921181
34924350
34925250
34925287
34929274
34930990
34933624
34936038
34939131
34941685
34945477
34945600
34947834
34951686
34953036
34954385
34958903
34959576
34960163
34961056
34961236
34962587
34962615
34964117
34966405
34968551
34968582
34969451
34970245
34973372
34973573
34975975
34979944
34984661
34985812
34989594
34991191
34991716
34993829
34994959
34996375
34998547
34999283
35007583
35012099
35014868
35024464
35026980
35030258
35032494
35032688
35035927
35038649
35039210
35041964
35043270
35045871
35046921
35049105
35052642
35053885
35055000
35055961
35059817
35063244
35064401
35064419
35067294
35067753
35068014
35072013
35075881
35076089
35076126
35077273
35077921
35079055
35082038
35085648
35087559
35087795
35088098
35088380
35092770
35093749
35095314
35095808
35096197
35107329
35108090
35110974
35113672
35118170
35121386
35123000
35124318
35124380
35125616
35126328
35127881
35127990
35132520
35137139
35137841
35139463
35151710
35154023
35155519
35156213
35158673
35161305
35161323
35161325
35164272
35166849
35168566
35169269
35171301
35173566
35177715
35178853
35180835
35181836
35183011
35183341
35185852
35189779
35201749
35202102
35202111
35205191
35205317
35205395
35205873
35205901
35208780
35208788
35209070
35213698
35215476
35215574
35215639
35215990
35217328
35218287
35219330
35220122
35220558
35221070
35223355
35223957
35234872
35237242
35249160
35251075
35254138
35258335
35259305
35260645
35260897
35262826
35268003
35268028
35269811
35270817
35270973
35271780
35274018
35277127
35278556
35278568
35278970
35278995
35279685
35280531
35281268
35283255
35285049
35285264
35287872
35291814
35294544
35295118
35295293
35297645
35298645
35303096
35304115
35308349
35308383
35310648
35310651
35310799
35316827
35319160
35319433
35322714
35323530
35323958
35324693
35324697
35324870
35328010
35328406
35330123
35330253
35330271
35330295
35334393
35334784
35336606
35336711
35338905
35343767
35345839
35347677
35348889
35350073
35354763
35356111
35358545
35360684
35362106
35362815
35364456
35369506
35369510
35369514
35373143
35380611
35381918
35385321
35389487
35390688
35391636
35392317
35394332
35395169
35400882
35404463
35404510
35405796
35405808
35405907
35406829
35407099
35415690
35416127
35421350
35422283
35422775
35422807
35422854
35425836
35426077
35426964
35427527
35428845
35429258
35432280
35441405
35442515
35443859
35447188
35447815
35450626
35453459
35454248
35456153
35456424
35457754
35458210
35462956
35463425
35464783
35465996
35467188
35467215
35471074
35471119
35472659
35476896
35479615
35481134
35483023
35486593
35491042
35494500
35495661
35495714
35497951
35501317
35505382
35512341
35522046
35528854
35529684
35529945
35530402
35531970
35532355
35533555
35537139
35543066
35543068
35543297
35543735
35547151
35548055
35548561
35548722
35552399
35561526
35561799
35562794
35563368
35563667
35564042
35567648
35568789
35569061
35569359
35571906
35572625
35574079
35582745
35586128
35586862
35587477
35588299
35591990
35592019
35594631
35596601
35597035
35599869
35600552
35602027
35602082
35602880
35603593
35606553
35607692
35609925
35610456
35612576
35615505
35615507
35616195
35616410
35619033
35621753
35622554
35624323
35625369
35627211
35628681
35628729
35628738
35628753
35628764
35628779
35628795
35629369
35630299
35630383
35630401
35630484
35630498
35638846
35639741
35640946
35643529
35643878
35646503
35647548
35647578
35651613
35654253
35656391
35659366
35660449
35660832
35663374
35663733
35668366
35668757
35669813
35670512
35672841
35673543
35674206
35679164
35679407
35680086
35682785
35683839
35684194
35685874
35685932
35686804
35688828
35690000
35690238
35690250
35691057
35694290
35694302
35696487
35697263
35700097
35700748
35700902
35705749
35708095
35711767
35712601
35715448
35718231
35722352
35724516
35725016
35730941
35732256
35736033
35736069
35736766
35737064
35738130
35739777
35742602
35742879
35744664
35749896
35753798
35755451
35755999
35756026
35756733
35757182
35757693
35765489
35769673
35771389
35775499
35777297
35778686
35779097
35780758
35781582
35783312
35788780
35793602
35794550
35807630
35807900
35809236
35811287
35812925
35812937
35812963
35815936
35815956
35830916
35833811
35834001
35834299
35835274
35836387
35836471
35839876
35841646
35845666
35847644
35852662
35860512
35867182
35872864
35873992
35874672
35875210
35875548
35876036
35878160
35878175
35878186
35878194
35878231
35878774
35878916
35879654
35883620
35885272
35885388
35886488
35887472
35889037
35889073
35889120
35889418
35890054
35893603
35893646
35897073
35898053
35901120
35903220
35906218
35906374
35909731
35910203
35910657
35911113
35912064
35912482
35917314
35918852
35919403
35922428
35922686
35923109
35927931
35929506
35931396
35935234
35935997
35936058
35937340
35940045
35940233
35943823
35944559
35945495
35946597
35946942
35950864
35953745
35955636
35956440
35956458
35958195
35960639
35963487
35963592
35968132
35973507
35973510
35973531
35978987
35979171
35983045
35985268
35991432
35991457
35992651
35992682
35992724
35993118
35995049
35995222
35997915
35998786
35999328
36001948
36004928
36005365
36006184
36006236
36008052
36008237
36009686
36012130
36012790
36012801
36014570
36015489
36015960
36016425
36027962
36035726
36037840
36042177
36043660
36046586
36048499
36049694
36053914
36054797
36055134
36060775
36061796
36062570
36064650
36066249
36069442
36073926
36074562
36075444
36076897
36079794
36082570
36084754
36087020
36088482
36089132
36089680
36089780
36090065
36090112
36094262
36095661
36105576
36108705
36111485
36115420
36115912
36116105
36119103
36121485
36122196
36122849
36124118
36124777
36126492
36127366
36127502
36130194
36131495
36134971
36135463
36135615
36136521
36136558
36137142
36138826
36139266
36140909
36142144
36142342
36142471
36142733
36142806
36143410
36144213
36144430
36144452
36145736
36145747
36145846
36155239
36157000
36160218
36160951
36161006
36161026
36163486
36163696
36164819
36168430
36169719
36171353
36171888
36172023
36174341
36174847
36175855
36176690
36179855
36180815
36180934
36181985
36184081
36186003
36186022
36186042
36186065
36188128
36190422
36194012
36195220
36196230
36197149
36204616
36205442
36206714
36207184
36207495
36212819
36212829
36213255
36214967
36216289
36217105
36219121
36224162
36224193
36227084
36230077
36230293
36235372
36235419
36235846
36238592
36238601
36239302
36239685
36242861
36245499
36246223
36246225
36248349
36251001
36251182
36252670
36255324
36262327
36263881
36265148
36267182
36271945
36273456
36273669
36274337
36274703
36275524
36276864
36277077
36277707
36278446
36279014
36279642
36287619
36287967
36290494
36291044
36292598
36292816
36293842
36294561
36294618
36294628
36294669
36295837
36296509
36297692
36306613
36306815
36308661
36308788
36309094
36309443
36310360
36311068
36311651
36312986
36313120
36313422
36313824
36319608
36321557
36323215
36324017
36325018
36325560
36326839
36331062
36331579
36335589
36337069
36337100
36338067
36338094
36343463
36344603
36350729
36351283
36353455
36354345
36354814
36354892
36354932
36354937
36354943
36355988
36358303
36358577
36359969
36359970
36360078
36361711
36362334
36364808
36365278
36365367
36368490
36368682
36372105
36373867
36376299
36377258
36382650
36383026
36383522
36384829
36385222
36386647
36386656
36386686
36387900
36388485
36388550
36388551
36388559
36388593
36389434
36397114
36397704
36399821
36400822
36403246
36404932
36406140
36416990
36418374
36418412
36418948
36418954
36419926
36421419
36422032
36422339
36422507
36422721
36422962
36430517
36430797
36430897
36432808
36432883
36435897
36439729
36439814
36439855
36440382
36444088
36445165
36448527
36448627
36451600
36454470
36456930
36457534
36459461
36460149
36464048
36464339
36466674
36466685
36466694
36469425
36471760
36473584
36478847
36482115
36498839
36498940
36500059
36500359
36501245
36504526
36504791
36504812
36504824
36505298
36506002
36506330
36507415
36509261
36513176
36513315
36516414
36517147
36519845
36526121
36529951
36531386
36532423
36532496
36533711
36533926
36533994
36534194
36539666
36547612
36547628
36548780
36549448
36549453
36549490
36552363
36554835
36555647
36555763
36557947
36558761
36560087
36560608
36560769
36561045
36562128
36563813
36564751
36569046
36569065
36569087
36570345
36570924
36570957
36575905
36577141
36577386
36581235
36581840
36583046
36583057
36584553
36585147
36587784
36588156
36590166
36590412
36591195
36592124
36592755
36595986
36596368
36596416
36597352
36598243
36602697
36604087
36606013
36606150
36613437
36615555
36616230
36616642
36618618
36618657
36618703
36625584
36625648
36626729
36627434
36627810
36630445
36632956
36635836
36640313
36641912
36643296
36643410
36643453
36645054
36647362
36649404
36652843
36655918
36661390
36662012
36668827
36671579
36675881
36675939
36677769
36678243
36679024
36682251
36683566
36685701
36687629
36689814
36690236
36693088
36694951
36695935
36699858
36704432
36705267
36710188
36712404
36713120
36713857
36715587
36719005
36721262
36721267
36721376
36723267
36723961
36724244
36724277
36728325
36732599
36736137
36736399
36740339
36741880
36743507
36745523
36745639
36748404
36748496
36751236
36756236
36758357
36762184
36762862
36763790
36764176
36766224
36768464
36768783
36771533
36771687
36772533
36774985
36775144
36775162
36775632
36777877
36778694
36780464
36781495
36786587
36799295
36801413
36807528
36808861
36812037
36812838
36815134
36816031
36816826
36818877
36828450
36828467
36829619
36829865
36829995
36830045
36830335
36830337
36830903
36832966
36833248
36835710
36836323
36836329
36836382
36836392
36836625
36836790
36839247
36840307
36841902
36842585
36847080
36847510
36853191
36853195
36853325
36855067
36858100
36861231
36861302
36864337
36867920
36869445
36869653
36872880
36881348
36883062
36883814
36889241
36893602
36895574
36896653
36899103
36900519
36903927
36903970
36904433
36906237
36906318
36906382
36907073
36908356
36909182
36909686
36910189
36910216
36912976
36913786
36914131
36915090
36915167
36916602
36917472
36921906
36922236
36929631
36934905
36935375
36937291
36938014
36938055
36938972
36943043
36943491
36943808
36946727
36947915
36963921
36964601
36964896
36967211
36967687
36975949
36975962
36977075
36981110
36984110
36985190
36985349
36986229
36986996
36996931
36996933
36998695
37000121
37010016
37011278
37011822
37012567
37014117
37014592
37014794
37018076
37018271
37019418
37025145
37028715
37032323
37032774
37032845
37032873
37036389
37036421
37041408
37043017
37046216
37050101
37051520
37052494
37056492
37062686
37065162
37066671
37073119
37074618
37075633
37075993
37078307
37078839
37079564
37080320
37083970
37084028
37084030
37090246
37091344
37093016
37095218
37095756
37097710
37097808
37098892
37099138
37101940
37102770
37103173
37104197
37105621
37106618
37106811
37110300
37110447
37111926
37113216
37115188
37120196
37123971
37125024
37127989
37129604
37138159
37138619
37138906
37143103
37146387
37147458
37149197
37149269
37149815
37149890
37154919
37155015
37155463
37156741
37158941
37164844
37165143
37165150
37169839
37170321
37171083
37171156
37171730
37171757
37175442
37175719
37180265
37181825
37182977
37183384
37184888
37188493
37188522
37194429
37195176
37196616
37204571
37207756
37207853
37214674
37214939
37215779
37216186
37217839
37219742
37220068
37222581
37223797
37225161
37225579
37227481
37229129
37231835
37233025
37233218
37236164
37237262
37238651
37242408
37244613
37245767
37247733
37249892
37254611
37255465
37255561
37256902
37259061
37263432
37264426
37264474
37269417
37269992
37275168
37275604
37279032
37279670
37279773
37279914
37283041
37283372
37284207
37289093
37289841
37292436
37293701
37294212
37294890
37298706
37298890
37299435
37301991
37303787
37303788
37303791
37309327
37309374
37309396
37310978
37311729
37313521
37316091
37316534
37317118
37317235
37317237
37321430
37324886
37324899
37326044
37326800
37327744
37330070
37332827
37334244
37336333
37336378
37338631
37338821
37339931
37340422
37341790
37346127
37346754
37349934
37351543
37356677
37360671
37361240
37364492
37364638
37366361
37367835
37370333
37372116
37373152
37374950
37375052
37375066
37375963
37375999
37382454
37383197
37385482
37386929
37392246
37398426
37402452
37403024
37410634
37419209
37421802
37424182
37426987
37429228
37430920
37430980
37431272
37431822
37432276
37432514
37439951
37441182
37442904
37443175
37443398
37444299
37446994
37447066
37450139
37452313
37456015
37457347
37459467
37462319
37463837
37475836
37476177
37477113
37483786
37485521
37488571
37488665
37489789
37495315
37495598
37497060
37499460
37504684
37504697
37504703
37504712
37504755
37509836
37512827
37512828
37512909
37513783
37514211
37515293
37523773
37524287
37524769
37526942
37532191
37532627
37532628
37533191
37533822
37533825
37536013
37537938
37538849
37538927
37539128
37541547
37541570
37542965
37544477
37546274
37547285
37551235
37556919
37562125
37563555
37563651
37563784
37566039
37566802
37574060
37575937
37578367
37579602
37580714
37583456
37585616
37591132
37591379
37592382
37593210
37595734
37598305
37600180
37600409
37601264
37601908
37610014
37610567
37619675
37620623
37621548
37622733
37623565
37623961
37625551
37630393
37630439
37630454
37630585
37630664
37636086
37637126
37639983
37641244
37641344
37642883
37645221
37645458
37646190
37647663
37648509
37649680
37652038
37652672
37653727
37653965
37660826
37662167
37662989
37664123
37665208
37665547
37666372
37669181
37669715
37669993
37671898
37672835
37678595
37680042
37682930
37684978
37685023
37685728
37687222
37687351
37688875
37690173
37693000
37694654
37702503
37703940
37706093
37709955
37712562
37716553
37716995
37719127
37719227
37720741
37725833
37726342
37726430
37727018
37730118
37730174
37736094
37738420
37739314
37739726
37741865
37742950
37743590
37744095
37744097
37744907
37746120
37746175
37746190
37746228
37746229
37746240
37752474
37755043
37755793
37756001
37756342
37757687
37758268
37758539
37760739
37762436
37767299
37767471
37768988
37772255
37774877
37775013
37775769
37776379
37776711
37782097
37783079
37783781
37803356
37808204
37808300
37809758
37809880
37810381
37812905
37813077
37813104
37814601
37816924
37818653
37821483
37821597
37822341
37828934
37829731
37831329
37832488
37833470
37833917
37834187
37834371
37835710
37836155
37840708
37843562
37852102
37858106
37860235
37860250
37863298
37868311
37868313
37872143
37872953
37878725
37882264
37883636
37886813
37889164
37893700
37894100
37894172
37896120
37896123
37896904
37899710
37900756
37900958
37901805
37901810
37905168
37905324
37910790
37915533
37916825
37918192
37922779
37923977
37924800
37926013
37926417
37930401
37939588
37941402
37941658
37941661
37945959
37946542
37952652
37952818
37952852
37954150
37956133
37956144
37956336
37956859
37958588
37959113
37962419
37962542
37965269
37965553
37966578
37976699
37980424
37981378
37983995
37986464
37988795
37990727
37992039
37996392
37997414
37998917
37999498
37999515
38003004
38003787
38004632
38004666
38004778
38005727
38005754
38005786
38006847
38007113
38008804
38012865
38012967
38014916
38016406
38019430
38019431
38019936
38020724
38021376
38022719
38023904
38023909
38023920
38028598
38029116
38029119
38029158
38029198
38029521
38030903
38030972
38033377
38034558
38035994
38036223
38037456
38040019
38042468
38049375
38050609
38051956
38057501
38058159
38058244
38058741
38066280
38068647
38069033
38069333
38069626
38070547
38076451
38079374
38082214
38085967
38086916
38093101
38094628
38094869
38096670
38096927
38098419
38098424
38098655
38103337
38104791
38104809
38104866
38105456
38109283
38109849
38109952
38111708
38111882
38112810
38113533
38114353
38117393
38117456
38122996
38128366
38128723
38129048
38129052
38132756
38132758
38132769
38132883
38133171
38136716
38137503
38137906
38138123
38139857
38140323
38140407
38140484
38140489
38142727
38146049
38148237
38149005
38153818
38159115
38159444
38160253
38169048
38170081
38170296
38170687
38175699
38176370
38179444
38179648
38181060
38183669
38188242
38189373
38189839
38190444
38191568
38194872
38200897
38201097
38202424
38204469
38212860
38216098
38218031
38221963
38222446
38227608
38227711
38228662
38229977
38231744
38233730
38234383
38238629
38239213
38240714
38240838
38243913
38244456
38245200
38246498
38248949
38249066
38249607
38251243
38251266
38254325
38254572
38254995
38255003
38256188
38256790
38257911
38259927
38262096
38264019
38264477
38264490
38265571
38268781
38269134
38271980
38276481
38278407
38279288
38279328
38279855
38281155
38290467
38293626
38295679
38297010
38298656
38300347
38301941
38302919
38311160
38318149
38324183
38325482
38337988
38338769
38339894
38343765
38344362
38347363
38350297
38352623
38354424
38356413
38357155
38357342
38359669
38360706
38361850
38362446
38363138
38363376
38365616
38365995
38367799
38368967
38369147
38371498
38371903
38380091
38381585
38382720
38384765
38386129
38391052
38392531
38393173
38393320
38393321
38393524
38393756
38397174
38399668
38399698
38399928
38399942
38400525
38400878
38401003
38402993
38404601
38404898
38405588
38408034
38409385
38415328
38416124
38420424
38424450
38429532
38431524
38434297
38435857
38440689
38441031
38444730
38445720
38447078
38447927
38451380
38457888
38460111
38461628
38461646
38462234
38462566
38467539
38468716
38468854
38469872
38473202
38474703
38475475
38475749
38476100
38477222
38477871
38483708
38484013
38486346
38488918
38489847
38489885
38492700
38494569
38495466
38498536
38500045
38501745
38506949
38510009
38513440
38513777
38516203
38522550
38523447
38527724
38530071
38533333
38534762
38538519
38540008
38540068
38540758
38543625
38544860
38545384
38551144
38554557
38555610
38555671
38556018
38556232
38564832
38569950
38571713
38575240
38575565
38575869
38578571
38579277
38582825
38584529
38586141
38586147
38587024
38591889
38596030
38600772
38606454
38608942
38609337
38609920
38610546
38611395
38611483
38611741
38611746
38616875
38617029
38619508
38619879
38623496
38626487
38628434
38628689
38638155
38640431
38643581
38645327
38646629
38647762
38647834
38649662
38651488
38653122
38660933
38662872
38663192
38663637
38664642
38665771
38666856
38666922
38667347
38671375
38674547
38674660
38679108
38681218
38681962
38683236
38684249
38685218
38686105
38686847
38689962
38692035
38693487
38695630
38696670
38696987
38701972
38702373
38709206
38710495
38716342
38717312
38717940
38721401
38725683
38727560
38727957
38731726
38732455
38733724
38736149
38736152
38736387
38744768
38745481
38747981
38748205
38748689
38752013
38755663
38756999
38759405
38761764
38762110
38762518
38763281
38763771
38769268
38769290
38772425
38772748
38774223
38775588
38790810
38792237
38792768
38794369
38794402
38794480
38795487
38797077
38797860
38797952
38798462
38799241
38805181
38806859
38808276
38809276
38811200
38811906
38812677
38815216
38817082
38827150
38832593
38841060
38843468
38844214
38844647
38844843
38846572
38851355
38851702
38852202
38853197
38853331
38857542
38858806
38860210
38860973
38863551
38866928
38878496
38879025
38879986
38880174
38882574
38884701
38885713
38886471
38887621
38887715
38891280
38891599
38891613
38896149
38896375
38896413
38896914
38897778
38902881
38903784
38906908
38911698
38921363
38921402
38924915
38927040
38928860
38930423
38930441
38930602
38931053
38931143
38931207
38936715
38939559
38939914
38945594
38951210
38954831
38955023
38960996
38961514
38962118
38964380
38965111
38965812
38966391
38970790
38970906
38972980
38973063
38975807
38978579
38979011
38980001
38982397
38982519
38982671
38982675
38982744
38982801
38985647
38986711
38987328
38987664
38988630
38988642
38989640
38997252
38998619
38998769
38999667
39002016
39004439
39007841
39010939
39012554
39020344
39021059
39021968
39022973
39023351
39023737
39026943
39029350
39031093
39033104
39037180
39038893
39043883
39046037
39047316
39052468
39053054
39053066
39055116
39055180
39055949
39056631
39056674
39057771
39057925
39058535
39059931
39060380
39063579
39065080
39065116
39065719
39067294
39072862
39074544
39075463
39077154
39078554
39080174
39080512
39080552
39082382
39084979
39084985
39085935
39093373
39094483
39094656
39098663
39099385
39100087
39100248
39101036
39103572
39103778
39105544
39105819
39106060
39106904
39107819
39109053
39109064
39111191
39115556
39122129
39124146
39124174
39124194
39124248
39124287
39126853
39130161
39135739
39135884
39139719
39148617
39152091
39153465
39153623
39153624
39158609
39160128
39167291
39168705
39168939
39170729
39172074
39172494
39174234
39175489
39178251
39180084
39180994
39181037
39181269
39184556
39187085
39187305
39187556
39189553
39194900
39194906
39194972
39195739
39195745
39195760
39195777
39195782
39195783
39198273
39202446
39203462
39203479
39204480
39204713
39208913
39210412
39210660
39214401
39215655
39216151
39217146
39219699
39220044
39222099
39225413
39232682
39235453
39237125
39237448
39237449
39240081
39241365
39242527
39243160
39246433
39251347
39252841
39253338
39253412
39254848
39256340
39257714
39263914
39264389
39264500
39264830
39265447
39270856
39273171
39273367
39273455
39273940
39276212
39276241
39276773
39277164
39277249
39277404
39278049
39280855
39282322
39287398
39288204
39290744
39291129
39291137
39294608
39296107
39296948
39299043
39299117
39299448
39299955
39303593
39304159
39305013
39309932
39310303
39311423
39314052
39314878
39314980
39320372
39322111
39322125
39323552
39323873
39323883
39325813
39325841
39327022
39328358
39330358
39330848
39333145
39334471
39334801
39336145
39338438
39338458
39338463
39338497
39339004
39339638
39342134
39342169
39342963
39345289
39345455
39348980
39349200
39353273
39354900
39355101
39355428
39359099
39359407
39360311
39360319
39360383
39360899
39362162
39362281
39362893
39370008
39371027
39379804
39379841
39380308
39383451
39384133
39384279
39386384
39388838
39388882
39389770
39391609
39394247
39395377
39396211
39405860
39407684
39408609
39409641
39411342
39413701
39414211
39416481
39417083
39421144
39423180
39423208
39423540
39426266
39427802
39431839
39433849
39434794
39434981
39435183
39436735
39442580
39443539
39445144
39446310
39447534
39447642
39448896
39452081
39452353
39452618
39452640
39455157
39455690
39456320
39456354
39456363
39456656
39456789
39457451
39457862
39458442
39458786
39458850
39458870
39459917
39461154
39462325
39467902
39477585
39479207
39479536
39479900
39480774
39481006
39482897
39486317
39487290
39487654
39488999
39492128
39492165
39494054
39495358
39496881
39503997
39504831
39506880
39507332
39508116
39508572
39509413
39511463
39514589
39515158
39515577
39518942
39519588
39520286
39520540
39520754
39521185
39522389
39524114
39524559
39524719
39526131
39527627
39529424
39529670
39529933
39529934
39530635
39531776
39532720
39535881
39538303
39541056
39545962
39547044
39547371
39551977
39570147
39570885
39571658
39572425
39572458
39574004
39579824
39590704
39590718
39591251
39593341
39594048
39595272
39596447
39596692
39597543
39597636
39597741
39599348
39599360
39599436
39603200
39606107
39608239
39609484
39611810
39612313
39614160
39616201
39619693
39623288
39626605
39627872
39629212
39630797
39639292
39639478
39642719
39642812
39649805
39650375
39653487
39653488
39653492
39658099
39661735
39662421
39662816
39663809
39664049
39667327
39669136
39669778
39671445
39671765
39674413
39682407
39683149
39683473
39683625
39684090
39687003
39687118
39687344
39695885
39696229
39696399
39700336
39700951
39703900
39705991
39707987
39708181
39710171
39711076
39716502
39716654
39717723
39722668
39725103
39726971
39728306
39728375
39728797
39729258
39732113
39734089
39734200
39734401
39736427
39736960
39737348
39740734
39741807
39742308
39742592
39745241
39752449
39754892
39757743
39760082
39762269
39765724
39766988
39768317
39769126
39769173
39769407
39769597
39770322
39770755
39770759
39770765
39770787
39771079
39772173
39780060
39780216
39788163
39788191
39795339
39796041
39796418
39797707
39802556
39803246
39807493
39807520
39808409
39808876
39818061
39820291
39821336
39821570
39822979
39823832
39824119
39827603
39830001
39831105
39836327
39838095
39841034
39842079
39842169
39842560
39843224
39843586
39843715
39846684
39848208
39850046
39850132
39850212
39850213
39852363
39852460
39852916
39853298
39853522
39858116
39858770
39858846
39861649
39861796
39864682
39869149
39869940
39872716
39873897
39875987
39877811
39881721
39882163
39885877
39888054
39892234
39893647
39894432
39895575
39905504
39906930
39907963
39909779
39911906
39911943
39912993
39915355
39917548
39920581
39921319
39929685
39931376
39935684
39940570
39940689
39942864
39942988
39942998
39944178
39945937
39948110
39948565
39950610
39952740
39959468
39962426
39964459
39965678
39966545
39969000
39969625
39970081
39971956
39973933
39978020
39980755
39980760
39982497
39985299
39990714
39993625
39994874
39996076
39997458
39997737
39998068
39998085
39998114
40001555
40001967
40003753
40005729
40005800
40006347
40007768
40013268
40013283
40013788
40014204
40015340
40015877
40016507
40018418
40020663
40023015
40026045
40027251
40029898
40029899
40035569
40036544
40036783
40042983
40043878
40044735
40045576
40048719
40052074
40056530
40057597
40059244
40059336
40065586
40066266
40072356
40072696
40074548
40078553
40079373
40081368
40083639
40085313
40088016
40090014
40090729
40091519
40093949
40094526
40094830
40094834
40098643
40099181
40106373
40106560
40107140
40109964
40109968
40109977
40112748
40113063
40116931
40117059
40121264
40127185
40128304
40128693
40130264
40131635
40135583
40137889
40139483
40139608
40140928
40141699
40142165
40142389
40142406
40142417
40143229
40143298
40150963
40157035
40157545
40158405
40168814
40168855
40169844
40171793
40173045
40173383
40175858
40178507
40182280
40187578
40188250
40190341
40190660
40198567
40198995
40201872
40203822
40205544
40206703
40206875
40207149
40209346
40210405
40218979
40219175
40219178
40222606
40223016
40225354
40226840
40235920
40236769
40237644
40237943
40239901
40240613
40241584
40243089
40243911
40253785
40253951
40254077
40258545
40263827
40265653
40265855
40268120
40270708
40270813
40273977
40275175
40276142
40278133
40278139
40278653
40282779
40283109
40284565
40284638
40285460
40288709
40294247
40294849
40296298
40299900
40302853
40304091
40304499
40304530
40305259
40305564
40308635
40309109
40312517
40313798
40322040
40322816
40323233
40323976
40324196
40324719
40330734
40332344
40332947
40334788
40335750
40339063
40347065
40348113
40355960
40356348
40356641
40356656
40357104
40357154
40362606
40364405
40366181
40366470
40367226
40370169
40372016
40372162
40373397
40375124
40375668
40381226
40383783
40387325
40387489
40388446
40392033
40394704
40394899
40398803
40404787
40408368
40409513
40418138
40418735
40423297
40426048
40428309
40428406
40428437
40429245
40430238
40431003
40431034
40431133
40431155
40431331
40435295
40435521
40437199
40439575
40440795
40442582
40442806
40444000
40444705
40444778
40446682
40446736
40446742
40452057
40453315
40456444
40457709
40457958
40459550
40460180
40460912
40461275
40461276
40461280
40461281
40461285
40465191
40469741
40470963
40472346
40473603
40475907
40477704
40479971
40480134
40484998
40485594
40487222
40488229
40488603
40496052
40505886
40506735
40508974
40509345
40510667
40516050
40516052
40520374
40521404
40525968
40528015
40528336
40530266
40530294
40533056
40535930
40538877
40539105
40544456
40554012
40558928
40558936
40558953
40558955
40559958
40565222
40565688
40565689
40568519
40570387
40570465
40571694
40572232
40572272
40573741
40573783
40573787
40573793
40573841
40573860
40573862
40574160
40575992
40577691
40577872
40582831
40584380
40584847
40588232
40589573
40591620
40593055
40593649
40594364
40597641
40599357
40602118
40603378
40604372
40604404
40604483
40607353
40609328
40609329
40612596
40619956
40620469
40620699
40622345
40625621
40627016
40627362
40628125
40628279
40636500
40637742
40638610
40640255
40640727
40641642
40641865
40644449
40645051
40646083
40646821
40648003
40648054
40650267
40650412
40650753
40653554
40653856
40654382
40655342
40659691
40660705
40661867
40662422
40666803
40669785
40670371
40672392
40677082
40678242
40681136
40683720
40684491
40689628
40690036
40691480
40692073
40694117
40695826
40697081
40697871
40697898
40698077
40700398
40702890
40705131
40706794
40711044
40711158
40711606
40713523
40713826
40716395
40719853
40723543
40723594
40724270
40725299
40725343
40726820
40729042
40730029
40731955
40732057
40732147
40733355
40733454
40735138
40735399
40735700
40736526
40737933
40741765
40745015
40745511
40748592
40749004
40749186
40749652
40751914
40752027
40752225
40754597
40755795
40764650
40764771
40766342
40767861
40768075
40770081
40773473
40774973
40779074
40779226
40784097
40786974
40790074
40790628
40792185
40795987
40797015
40798967
40800115
40805624
40805627
40805664
40806631
40807560
40807565
40807696
40810295
40811232
40811531
40811914
40814438
40817341
40822720
40826009
40826203
40826246
40830856
40830927
40833882
40834590
40844253
40848632
40851224
40852982
40853002
40853943
40856522
40859132
40863533
40864079
40864090
40864528
40866506
40869360
40871299
40871300
40871396
40871818
40872083
40872216
40872272
40872289
40879439
40882185
40885303
40886462
40886575
40888326
40889348
40889591
40890732
40891006
40891192
40891226
40891345
40895126
40902787
40907971
40908358
40913280
40913951
40915671
40915672
40915802
40918383
40922088
40922222
40924556
40924940
40927236
40929855
40934067
40934418
40937655
40937738
40937939
40940425
40941128
40941139
40941890
40941910
40944734
40945353
40948673
40954129
40955042
40959554
40964151
40964674
40965680
40966160
40966175
40967631
40968497
40971526
40972534
40973819
40974545
40974689
40975950
40986336
40988151
40990348
40994436
40998212
41002176
41003173
41003175
41003179
41003229
41003498
41008227
41009055
41011301
41011310
41011411
41011468
41011549
41012536
41019548
41019754
41028442
41029028
41029198
41029361
41030066
41032949
41033677
41034730
41036403
41036507
41037885
41039225
41039783
41039801
41045853
41046078
41055327
41064157
41064731
41064767
41071043
41072196
41074326
41077555
41077905
41082101
41083234
41084208
41089361
41089455
41092706
41092755
41094893
41095172
41095223
41096496
41096720
41097290
41098536
41098911
41099560
41100183
41105824
41106202
41108411
41109509
41110845
41116008
41117401
41117632
41117820
41122219
41122459
41127074
41127618
41127965
41131656
41134859
41137889
41137968
41138196
41140066
41140863
41144688
41146448
41147712
41148447
41148632
41148910
41150059
41151292
41152328
41153043
41153933
41154087
41154839
41155209
41155266
41156631
41156715
41156754
41156804
41157677
41157728
41162079
41166398
41167483
41168428
41169729
41171751
41175431
41177063
41177383
41181087
41182828
41186345
41189955
41191433
41194719
41195153
41195393
41196682
41198798
41200758
41201837
41201906
41202453
41202602
41202937
41203278
41203280
41204736
41205563
41207248
41208765
41208845
41210359
41210709
41211824
41222013
41225787
41225950
41226565
41226712
41227475
41227910
41228506
41229619
41231736
41231873
41234363
41237277
41238025
41240850
41243200
41245442
41245462
41248119
41248796
41251532
41254523
41254753
41255886
41257295
41261393
41264495
41265144
41265872
41267256
41269451
41272898
41273212
41274913
41280856
41281305
41281680
41286070
41286598
41287573
41293841
41295144
41295172
41295174
41295839
41295846
41302872
41303964
41304125
41304146
41304173
41304255
41304273
41304296
41304301
41304614
41304616
41304626
41307743
41308602
41309106
41309976
41311548
41314159
41315919
41317724
41318388
41320435
41321517
41325455
41326113
41326114
41326967
41329224
41329660
41331597
41331907
41334163
41334196
41335446
41344402
41346821
41350304
41350366
41351887
41352299
41352813
41353890
41356074
41358340
41362132
41362649
41363139
41363449
41363528
41364251
41366428
41366867
41367361
41368734
41368818
41372819
41375150
41375371
41375447
41375545
41376084
41376488
41376526
41380882
41383338
41383924
41385591
41392128
41392505
41392559
41395495
41401879
41405427
41405762
41409977
41413899
41414036
41416655
41416749
41418988
41421311
41423612
41426218
41430781
41440174
41441114
41441299
41442081
41442188
41446435
41447815
41449234
41454386
41455198
41455275
41457041
41459067
41459224
41461406
41463411
41463469
41465083
41465294
41465599
41468675
41469399
41471891
41472812
41476504
41480266
41482604
41483518
41483722
41484212
41485092
41485895
41486268
41492315
41494085
41499990
41502482
41503277
41504474
41505092
41512536
41514098
41514265
41515005
41515057
41515062
41515076
41516879
41518494
41520134
41523276
41526286
41528448
41528610
41532387
41534756
41538911
41539504
41554884
41565196
41566105
41566220
41566434
41567746
41570060
41572039
41572959
41573215
41575305
41576742
41576749
41578696
41581231
41590433
41590436
41591152
41591169
41591188
41592236
41594363
41596494
41596808
41597539
41597567
41597621
41598923
41598955
41598964
41601058
41602752
41603181
41603638
41603977
41610602
41614021
41614140
41616566
41617001
41618582
41623616
41623644
41624290
41626807
41627588
41629011
41629805
41633183
41638167
41641163
41641775
41644412
41647190
41649679
41649761
41651355
41652786
41655925
41657461
41660597
41663969
41664486
41673224
41673772
41674340
41675391
41675541
41678239
41678509
41681508
41682541
41683555
41687089
41688917
41692801
41695110
41697963
41701980
41704789
41705028
41709287
41710480
41716281
41717118
41718990
41723779
41724885
41726715
41732115
41733390
41735851
41739777
41739844
41741577
41741594
41743196
41745257
41745266
41745299
41745731
41749327
41749462
41750892
41753580
41753589
41753738
41753771
41756635
41762503
41762753
41764261
41764444
41765391
41767556
41768062
41770650
41771410
41772313
41772329
41775186
41776434
41780129
41780396
41792868
41792878
41794466
41794488
41795762
41802003
41802155
41802520
41803199
41803463
41803738
41807998
41808726
41813997
41814930
41820790
41822361
41828994
41829080
41829155
41829717
41830102
41831124
41833567
41833938
41834873
41835273
41835526
41836386
41837846
41839960
41843182
41843743
41843931
41845994
41846074
41846268
41847983
41848830
41851452
41852693
41852847
41853352
41853356
41853358
41853716
41854069
41859443
41859596
41862676
41868365
41868523
41869872
41870147
41870344
41876596
41879900
41883181
41886098
41887425
41888249
41888284
41888780
41889940
41893644
41893726
41894659
41896288
41896662
41897815
41898655
41898879
41898885
41899450
41900136
41900287
41900364
41900451
41900477
41901020
41901399
41901453
41901500
41901503
41902003
41909251
41910672
41913299
41916256
41916528
41917950
41917964
41922963
41924240
41928384
41933530
41933858
41934723
41934844
41938353
41941728
41941756
41944003
41946309
41946979
41948464
41950064
41952226
41955225
41955677
41958161
41959580
41962714
41966016
41966608
41971979
41971983
41972554
41973007
41974789
41976101
41976439
41977650
41978144
41978283
41979351
41979814
41981036
41982999
41983624
41983637
41986705
41986951
41990463
41990662
41991080
41991759
41993749
41996207
41998215
41999812
42000996
42002567
42006347
42010148
42014447
42014583
42015649
42015650
42015987
42017455
42019472
42019475
42019619
42020494
42020669
42021149
42023664
42024572
42024807
42025749
42026466
42034448
42035402
42039819
42039978
42040999
42042897
42043101
42049758
42051353
42056163
42060714
42061716
42063675
42067356
42067790
42067981
42067984
42069663
42071155
42071999
42074986
42075181
42075216
42075282
42075350
42075457
42078075
42078523
42081562
42091964
42091974
42092612
42093215
42097450
42097984
42098513
42098935
42108591
42108676
42112299
42115446
42119054
42119176
42120905
42121025
42121452
42121461
42122775
42122803
42122875
42122893
42125611
42126747
42128091
42132765
42135339
42136231
42137794
42151332
42151485
42153017
42155708
42156509
42156941
42157044
42157406
42158399
42159806
42163082
42165119
42168325
42172773
42173741
42174431
42175697
42176539
42177457
42181716
42181997
42182031
42187275
42189357
42190448
42191633
42193826
42197344
42197365
42197438
42197453
42197474
42197524
42197663
42197684
42197778
42199545
42204529
42204884
42207093
42209771
42213265
42214380
42218787
42219099
42222853
42225414
42225857
42227415
42228521
42230761
42237634
42238763
42243264
42243307
42245200
42245497
42250574
42250578
42252316
42254521
42255159
42255665
42256183
42262337
42263064
42264263
42264323
42264348
42264729
42264756
42266442
42267348
42272932
42274490
42276483
42276680
42278161
42278508
42283765
42283860
42286418
42286499
42289625
42289812
42289891
42290511
42293189
42297191
42298385
42298849
42299637
42301290
42304239
42304532
42304700
42304953
42306485
42308808
42310342
42313457
42315046
42318125
42322537
42322581
42325728
42326431
42329462
42332554
42332677
42336169
42336979
42340730
42340983
42341825
42343255
42346523
42346527
42346658
42351875
42357013
42357124
42357471
42357472
42357714
42357786
42358294
42359485
42360821
42362965
42364275
42365800
42367200
42367205
42368343
42369550
42372610
42372963
42375976
42378777
42382237
42382307
42382405
42382414
42385906
42387909
42388846
42389683
42390126
42392085
42399748
42403241
42409138
42409263
42409489
42414870
42416011
42419211
42419249
42420641
42425690
42426601
42430027
42434087
42434555
42436216
42436254
42439608
42440873
42441874
42444097
42445682
42445735
42446574
42448776
42449539
42450033
42450171
42450254
42450594
42451286
42455223
42456419
42456485
42458185
42459394
42460695
42462429
42465055
42465603
42468701
42469498
42469505
42470549
42470550
42476056
42478827
42481122
42481123
42483934
42484945
42487653
42493018
42493044
42493082
42496915
42497234
42500479
42501557
42506229
42506267
42506615
42506704
42508580
42511155
42511254
42513910
42513992
42514022
42514037
42514534
42516009
42516594
42528032
42529022
42530014
42533110
42534811
42535977
42539130
42539950
42541937
42544394
42546938
42547877
42550145
42554067
42554927
42556789
42557505
42558465
42560032
42560043
42564128
42564788
42566908
42570274
42570751
42572801
42573643
42576873
42581906
42584420
42585955
42588006
42588863
42588878
42589483
42590998
42591721
42592052
42599123
42600753
42600856
42602739
42609403
42610676
42610743
42612401
42614564
42616455
42617861
42620539
42620821
42622706
42623753
42625132
42627914
42631500
42636375
42636692
42636960
42637136
